#     BLOCK:   ACTUAL_M:     M_AVE:       ERROR:
           1        0.44        0.44           0
           2        0.16         0.3   0.0989949
           3        0.32    0.306667   0.0662207
           4        0.24        0.29   0.0517204
           5         0.2       0.272   0.0443982
           6        0.24    0.266667   0.0373175
           7        0.16    0.251429   0.0349594
           8        0.04       0.225   0.0393303
           9        0.16    0.217778   0.0356172
          10        0.16       0.212   0.0325208
          11        0.24    0.214545   0.0296638
          12         0.2    0.213333   0.0272166
          13        0.32    0.221538   0.0263308
          14        0.52    0.242857   0.0319347
          15        0.56       0.264   0.0361331
          16        0.56      0.2825   0.0383192
          17         0.6    0.301176   0.0403607
          18        0.48    0.311111   0.0393221
          19        0.48        0.32    0.038244
          20        0.56       0.332    0.038168
          21        0.64    0.346667    0.039067
          22        0.64        0.36    0.039501
          23        0.52    0.366957   0.0383913
          24        0.44        0.37   0.0369121
          25         0.4      0.3712   0.0354551
          26        0.36    0.370769    0.034094
          27        0.36     0.37037   0.0328336
          28        0.32    0.368571   0.0317102
          29        0.24    0.364138   0.0309252
          30        0.28    0.361333   0.0300212
          31        0.44    0.363871   0.0291599
          32        0.36     0.36375   0.0282489
          33        0.44    0.366061   0.0274872
          34        0.48    0.369412   0.0268822
          35        0.56    0.374857     0.02666
          36        0.56        0.38   0.0264108
          37        0.64    0.387027   0.0266154
          38         0.6    0.392632   0.0264985
          39        0.44    0.393846   0.0258469
          40         0.4       0.394   0.0252012
          41        0.44    0.395122   0.0246115
          42        0.48    0.397143   0.0241083
          43         0.4    0.397209   0.0235478
          44         0.4    0.397273   0.0230127
          45        0.36    0.396444   0.0225162
          46        0.44    0.397391   0.0220466
          47        0.52         0.4   0.0217313
          48        0.44    0.400833   0.0212945
          49        0.36         0.4   0.0208763
          50        0.44      0.4008   0.0204741
          51        0.48    0.402353   0.0201314
          52        0.52    0.404615    0.019871
          53        0.56    0.407547   0.0197112
          54        0.48    0.408889   0.0193918
          55        0.48    0.410182   0.0190822
          56        0.44    0.410714   0.0187489
          57         0.4    0.410526   0.0184209
          58        0.36    0.409655   0.0181239
          59        0.36    0.408814   0.0178363
          60        0.36       0.408   0.0175575
          61        0.32    0.406557   0.0173289
          62        0.32    0.405161   0.0171055
          63        0.32     0.40381   0.0168873
          64        0.32      0.4025   0.0166742
          65        0.44    0.403077   0.0164276
          66        0.44    0.403636   0.0161882
          67         0.4    0.403582   0.0159467
          68        0.32    0.402353   0.0157595
          69        0.32    0.401159   0.0155762
          70        0.24    0.398857   0.0155229
          71        0.24     0.39662   0.0154647
          72        0.32    0.395556   0.0152865
          73        0.32    0.394521   0.0151121
          74        0.36    0.394054    0.014915
          75        0.24       0.392   0.0148569
          76        0.28    0.390526   0.0147344
          77         0.4    0.390649   0.0145435
          78        0.44    0.391282   0.0143708
          79        0.36    0.390886   0.0141944
          80        0.36      0.3905   0.0140222
          81        0.36    0.390123   0.0138541
          82         0.4    0.390244   0.0136857
          83        0.48    0.391325   0.0135635
          84        0.52    0.392857   0.0134882
          85        0.64    0.395765   0.0136393
          86        0.68     0.39907   0.0138754
          87        0.76    0.403218   0.0143227
          88        0.64    0.405909   0.0144104
          89        0.68    0.408989   0.0145739
          90        0.72    0.412444    0.014816
          91        0.76    0.416264   0.0151375
          92        0.72    0.419565   0.0153287
          93         0.8    0.423656   0.0157002
          94        0.88    0.428511   0.0162665
          95           1    0.434526   0.0171716
          96           1    0.440417   0.0179747
          97           1    0.446186   0.0186922
          98           1    0.451837   0.0193369
          99           1    0.457374   0.0199185
         100           1      0.4628   0.0204451
         101           1    0.468119   0.0209231
         102           1    0.473333   0.0213579
         103           1    0.478447    0.021754
         104           1    0.483462   0.0221153
         105           1    0.488381   0.0224451
         106           1    0.493208   0.0227464
         107           1    0.497944   0.0230217
         108           1    0.502593   0.0232731
         109           1    0.507156   0.0235028
         110           1    0.511636   0.0237123
         111           1    0.516036   0.0239034
         112           1    0.520357   0.0240773
         113           1    0.524602   0.0242355
         114           1    0.528772   0.0243791
         115           1     0.53287    0.024509
         116           1    0.536897   0.0246263
         117           1    0.540855   0.0247319
         118           1    0.544746   0.0248265
         119           1    0.548571   0.0249109
         120           1    0.552333   0.0249858
         121           1    0.556033   0.0250517
         122           1    0.559672   0.0251093
         123           1    0.563252    0.025159
         124           1    0.566774   0.0252015
         125           1     0.57024    0.025237
         126           1    0.573651   0.0252662
         127           1    0.577008   0.0252893
         128           1    0.580312   0.0253067
         129           1    0.583566   0.0253188
         130           1    0.586769   0.0253259
         131           1    0.589924   0.0253282
         132           1     0.59303   0.0253261
         133           1     0.59609   0.0253199
         134           1    0.599104   0.0253097
         135           1    0.602074   0.0252959
         136           1       0.605   0.0252785
         137           1    0.607883   0.0252579
         138           1    0.610725   0.0252342
         139           1    0.613525   0.0252076
         140           1    0.616286   0.0251782
         141           1    0.619007   0.0251463
         142           1     0.62169   0.0251119
         143           1    0.624336   0.0250753
         144           1    0.626944   0.0250365
         145           1    0.629517   0.0249957
         146           1    0.632055   0.0249529
         147           1    0.634558   0.0249084
         148           1    0.637027   0.0248622
         149           1    0.639463   0.0248144
         150           1    0.641867   0.0247651
         151           1    0.644238   0.0247144
         152           1    0.646579   0.0246624
         153           1    0.648889   0.0246091
         154           1    0.651169   0.0245547
         155           1    0.653419   0.0244992
         156           1    0.655641   0.0244427
         157           1    0.657834   0.0243852
         158        0.96    0.659747   0.0243058
         159        0.96    0.661635   0.0242261
         160        0.96      0.6635   0.0241464
         161        0.96    0.665342   0.0240665
         162        0.92    0.666914   0.0239693
         163        0.88    0.668221   0.0238578
         164        0.88    0.669512   0.0237473
         165         0.8    0.670303   0.0236165
         166        0.76    0.670843   0.0234804
         167        0.76    0.671377   0.0233459
         168        0.72    0.671667   0.0232087
         169        0.68    0.671716   0.0230715
         170        0.64    0.671529   0.0229365
         171        0.64    0.671345   0.0228031
         172         0.6     0.67093   0.0226743
         173        0.64    0.670751   0.0225439
         174        0.64    0.670575   0.0224151
         175         0.6    0.670171   0.0222906
         176        0.68    0.670227    0.022164
         177        0.64    0.670056   0.0220395
         178        0.68    0.670112   0.0219157
         179        0.56    0.669497   0.0218019
         180         0.6    0.669111   0.0216842
         181        0.72    0.669392   0.0215662
         182        0.72     0.66967   0.0214495
         183        0.72    0.669945   0.0213341
         184        0.72    0.670217   0.0212199
         185         0.6    0.669838   0.0211086
         186         0.6    0.669462   0.0209984
         187         0.6    0.669091   0.0208894
         188         0.6    0.668723   0.0207815
         189        0.56    0.668148   0.0206795
         190        0.56    0.667579   0.0205785
         191        0.48    0.666597   0.0204942
         192        0.56    0.666042    0.020395
         193        0.64    0.665907   0.0202898
         194        0.64    0.665773   0.0201856
         195        0.56    0.665231   0.0200894
         196        0.52     0.66449   0.0200006
         197        0.48    0.663553   0.0199209
         198        0.44    0.662424   0.0198523
         199        0.36    0.660905   0.0198106
         200        0.36      0.6594   0.0197686
         201         0.4    0.658109   0.0197123
         202         0.4    0.656832   0.0196561
         203        0.44    0.655764   0.0195883
         204         0.4     0.65451   0.0195324
         205         0.4    0.653268   0.0194765
         206        0.36    0.651845   0.0194339
         207        0.44    0.650821    0.019367
         208        0.44    0.649808   0.0193004
         209        0.44    0.648804   0.0192341
         210        0.52     0.64819   0.0191523
         211        0.56    0.647773   0.0190661
         212        0.56    0.647358   0.0189806
         213        0.48    0.646573   0.0189078
         214         0.4    0.645421   0.0188545
         215        0.32    0.643907   0.0188275
         216        0.28    0.642222   0.0188155
         217        0.32    0.640737   0.0187873
         218        0.28    0.639083   0.0187739
         219        0.32    0.637626   0.0187446
         220        0.28       0.636   0.0187297
         221        0.24    0.634208   0.0187305
         222        0.16    0.632072   0.0187675
         223        0.36    0.630852    0.018723
         224         0.4    0.629821   0.0186678
         225         0.4      0.6288   0.0186127
         226        0.44    0.627965   0.0185491
         227        0.56    0.627665   0.0184698
         228        0.68    0.627895   0.0183902
         229        0.72    0.628297   0.0183143
         230        0.72    0.628696    0.018239
         231        0.72    0.629091   0.0181643
         232        0.68     0.62931   0.0180874
         233        0.76    0.629871   0.0180184
         234        0.48    0.629231   0.0179528
         235        0.52    0.628766   0.0178824
         236        0.44    0.627966   0.0178245
         237        0.36    0.626835   0.0177852
         238        0.56    0.626555   0.0177127
         239        0.56    0.626276   0.0176407
         240        0.52    0.625833   0.0175728
         241        0.52    0.625394   0.0175054
         242        0.48    0.624793   0.0174433
         243        0.56    0.624527   0.0173736
         244        0.52    0.624098   0.0173077
         245        0.64    0.624163   0.0172371
         246         0.6    0.624065   0.0171673
         247         0.4    0.623158   0.0171218
         248        0.52    0.622742   0.0170578
         249        0.48    0.622169   0.0169989
         250         0.4     0.62128   0.0169541
         251        0.44    0.620558    0.016902
         252        0.32    0.619365   0.0168769
         253        0.44    0.618656   0.0168251
         254         0.4    0.617795   0.0167809
         255        0.52    0.617412   0.0167195
         256        0.64      0.6175   0.0166544
         257         0.6    0.617432   0.0165897
         258        0.64    0.617519   0.0165256
         259        0.64    0.617606   0.0164621
         260        0.68    0.617846   0.0164005
         261        0.68    0.618084   0.0163394
         262        0.72    0.618473   0.0162817
         263         0.8    0.619163   0.0162344
         264        0.84        0.62   0.0161944
         265         0.8    0.620679   0.0161475
         266         0.8    0.621353   0.0161009
         267         0.8    0.622022   0.0160545
         268        0.84    0.622836   0.0160152
         269        0.84    0.623643    0.015976
         270        0.84    0.624444   0.0159369
         271        0.92    0.625535   0.0159154
         272           1    0.626912   0.0159163
         273           1    0.628278   0.0159165
         274           1    0.629635   0.0159162
         275           1    0.630982   0.0159152
         276           1    0.632319   0.0159136
         277           1    0.633646   0.0159114
         278           1    0.634964   0.0159086
         279           1    0.636272   0.0159053
         280           1    0.637571   0.0159015
         281           1    0.638861   0.0158971
         282           1    0.640142   0.0158922
         283           1    0.641413   0.0158869
         284           1    0.642676    0.015881
         285           1     0.64393   0.0158747
         286           1    0.645175   0.0158679
         287           1    0.646411   0.0158607
         288           1    0.647639   0.0158531
         289           1    0.648858   0.0158451
         290           1    0.650069   0.0158366
         291           1    0.651271   0.0158278
         292           1    0.652466   0.0158186
         293           1    0.653652    0.015809
         294           1     0.65483   0.0157991
         295           1       0.656   0.0157888
         296           1    0.657162   0.0157782
         297           1    0.658316   0.0157672
         298           1    0.659463   0.0157559
         299           1    0.660602   0.0157443
         300           1    0.661733   0.0157325
         301           1    0.662857   0.0157203
         302           1    0.663974   0.0157078
         303           1    0.665083   0.0156951
         304           1    0.666184   0.0156821
         305           1    0.667279   0.0156688
         306           1    0.668366   0.0156553
         307           1    0.669446   0.0156415
         308           1    0.670519   0.0156275
         309           1    0.671586   0.0156132
         310           1    0.672645   0.0155988
         311           1    0.673698   0.0155841
         312           1    0.674744   0.0155692
         313           1    0.675783   0.0155541
         314           1    0.676815   0.0155388
         315           1    0.677841   0.0155233
         316           1    0.678861   0.0155076
         317           1    0.679874   0.0154918
         318           1    0.680881   0.0154757
         319           1    0.681881   0.0154595
         320           1    0.682875   0.0154431
         321           1    0.683863   0.0154266
         322           1    0.684845   0.0154099
         323           1     0.68582    0.015393
         324           1     0.68679    0.015376
         325           1    0.687754   0.0153589
         326           1    0.688712   0.0153416
         327           1    0.689664   0.0153242
         328           1     0.69061   0.0153067
         329           1     0.69155    0.015289
         330           1    0.692485   0.0152712
         331           1    0.693414   0.0152533
         332           1    0.694337   0.0152353
         333           1    0.695255   0.0152172
         334           1    0.696168   0.0151989
         335           1    0.697075   0.0151806
         336           1    0.697976   0.0151622
         337           1    0.698872   0.0151436
         338           1    0.699763    0.015125
         339           1    0.700649   0.0151063
         340           1    0.701529   0.0150875
         341           1    0.702405   0.0150686
         342           1    0.703275   0.0150497
         343           1     0.70414   0.0150307
         344           1       0.705   0.0150115
         345           1    0.705855   0.0149924
         346           1    0.706705   0.0149731
         347           1     0.70755   0.0149538
         348           1    0.708391   0.0149344
         349           1    0.709226    0.014915
         350           1    0.710057   0.0148955
         351           1    0.710883   0.0148759
         352           1    0.711705   0.0148563
         353           1    0.712521   0.0148367
         354           1    0.713333    0.014817
         355           1    0.714141   0.0147972
         356           1    0.714944   0.0147774
         357           1    0.715742   0.0147576
         358           1    0.716536   0.0147377
         359           1    0.717326   0.0147178
         360           1    0.718111   0.0146979
         361        0.96    0.718781   0.0146724
         362        0.96    0.719448    0.014647
         363        0.96     0.72011   0.0146216
         364           1    0.720879   0.0146017
         365           1    0.721644   0.0145817
         366           1    0.722404   0.0145617
         367           1    0.723161   0.0145416
         368           1    0.723913   0.0145215
         369           1    0.724661   0.0145015
         370           1    0.725405   0.0144813
         371           1    0.726146   0.0144612
         372           1    0.726882   0.0144411
         373           1    0.727614   0.0144209
         374           1    0.728342   0.0144007
         375           1    0.729067   0.0143805
         376           1    0.729787   0.0143603
         377           1    0.730504   0.0143401
         378           1    0.731217   0.0143199
         379           1    0.731926   0.0142996
         380           1    0.732632   0.0142794
         381           1    0.733333   0.0142592
         382           1    0.734031   0.0142389
         383           1    0.734726   0.0142187
         384           1    0.735417   0.0141984
         385           1    0.736104   0.0141781
         386           1    0.736788   0.0141579
         387           1    0.737468   0.0141376
         388           1    0.738144   0.0141174
         389           1    0.738817   0.0140971
         390           1    0.739487   0.0140769
         391           1    0.740153   0.0140566
         392           1    0.740816   0.0140364
         393           1    0.741476   0.0140162
         394           1    0.742132   0.0139959
         395           1    0.742785   0.0139757
         396           1    0.743434   0.0139555
         397           1    0.744081   0.0139353
         398           1    0.744724   0.0139151
         399           1    0.745363    0.013895
         400           1       0.746   0.0138748
         401           1    0.746633   0.0138546
         402           1    0.747264   0.0138345
         403           1    0.747891   0.0138144
         404           1    0.748515   0.0137943
         405           1    0.749136   0.0137742
         406           1    0.749754   0.0137541
         407           1    0.750369   0.0137341
         408           1     0.75098    0.013714
         409           1    0.751589    0.013694
         410           1    0.752195    0.013674
         411           1    0.752798    0.013654
         412           1    0.753398    0.013634
         413           1    0.753995   0.0136141
         414           1    0.754589   0.0135942
         415           1    0.755181   0.0135743
         416           1    0.755769   0.0135544
         417           1    0.756355   0.0135345
         418           1    0.756938   0.0135147
         419           1    0.757518   0.0134949
         420           1    0.758095   0.0134751
         421           1     0.75867   0.0134554
         422        0.96    0.759147   0.0134319
         423        0.92    0.759527   0.0134055
         424        0.96        0.76   0.0133823
         425        0.96    0.760471   0.0133591
         426           1    0.761033   0.0133395
         427           1    0.761593     0.01332
         428           1     0.76215   0.0133005
         429           1    0.762704   0.0132811
         430           1    0.763256   0.0132617
         431           1    0.763805   0.0132423
         432           1    0.764352   0.0132229
         433           1    0.764896   0.0132035
         434           1    0.765438   0.0131842
         435           1    0.765977   0.0131649
         436           1    0.766514   0.0131457
         437           1    0.767048   0.0131265
         438           1     0.76758   0.0131073
         439           1    0.768109   0.0130881
         440           1    0.768636   0.0130689
         441           1    0.769161   0.0130498
         442           1    0.769683   0.0130308
         443           1    0.770203   0.0130117
         444           1    0.770721   0.0129927
         445           1    0.771236   0.0129737
         446           1    0.771749   0.0129548
         447           1     0.77226   0.0129358
         448           1    0.772768   0.0129169
         449           1    0.773274   0.0128981
         450           1    0.773778   0.0128793
         451           1    0.774279   0.0128605
         452           1    0.774779   0.0128417
         453           1    0.775276    0.012823
         454        0.96    0.775683   0.0128012
         455        0.96    0.776088   0.0127795
         456        0.96    0.776491   0.0127578
         457        0.88    0.776718   0.0127319
         458        0.88    0.776943   0.0127061
         459        0.92    0.777255   0.0126822
         460         0.8    0.777304   0.0126548
         461        0.84     0.77744    0.012628
         462        0.84    0.777576   0.0126014
         463        0.92    0.777883    0.012578
         464        0.88    0.778103   0.0125528
         465        0.84    0.778237   0.0125265
         466        0.96    0.778627   0.0125057
         467           1    0.779101   0.0124879
         468           1    0.779573   0.0124701
         469           1    0.780043   0.0124524
         470           1    0.780511   0.0124347
         471           1    0.780977    0.012417
         472           1    0.781441   0.0123994
         473           1    0.781903   0.0123818
         474           1    0.782363   0.0123642
         475           1    0.782821   0.0123466
         476           1    0.783277   0.0123291
         477           1    0.783732   0.0123117
         478           1    0.784184   0.0122942
         479           1    0.784635   0.0122768
         480           1    0.785083   0.0122594
         481           1     0.78553   0.0122421
         482           1    0.785975   0.0122248
         483           1    0.786418   0.0122075
         484           1     0.78686   0.0121902
         485           1    0.787299    0.012173
         486           1    0.787737   0.0121558
         487           1    0.788172   0.0121387
         488           1    0.788607   0.0121216
         489           1    0.789039   0.0121045
         490           1    0.789469   0.0120874
         491           1    0.789898   0.0120704
         492           1    0.790325   0.0120534
         493           1    0.790751   0.0120365
         494           1    0.791174   0.0120196
         495           1    0.791596   0.0120027
         496           1    0.792016   0.0119858
         497           1    0.792435    0.011969
         498           1    0.792851   0.0119523
         499           1    0.793267   0.0119355
         500           1     0.79368   0.0119188
