#     BLOCK:   ACTUAL_M:     M_AVE:       ERROR:
           1        0.48        0.48           0
           2        0.12         0.3    0.127279
           3         0.2    0.266667   0.0891108
           4        0.04        0.21   0.0829156
           5       -0.12       0.144   0.0887964
           6        0.16    0.146667    0.074037
           7        0.32    0.171429   0.0674742
           8        -0.2       0.125   0.0732931
           9       -0.12   0.0977778   0.0700225
          10       -0.28        0.06   0.0724983
          11           0   0.0545455   0.0661124
          12       -0.04   0.0466667   0.0610707
          13        0.08   0.0492308   0.0564268
          14        0.36   0.0714286   0.0565943
          15        0.32       0.088   0.0551942
          16         0.2       0.095   0.0521866
          17       -0.08   0.0847059   0.0501218
          18           0        0.08   0.0475576
          19           0   0.0757895   0.0452406
          20        0.08       0.076   0.0429791
          21        0.36   0.0895238   0.0430075
          22         0.2   0.0945455   0.0413448
          23         0.4    0.107826   0.0416256
          24        0.24    0.113333   0.0402538
          25         0.4      0.1248   0.0402437
          26         0.2    0.127692   0.0387997
          27        0.16    0.128889   0.0373811
          28        0.16        0.13   0.0360626
          29        0.08    0.128276   0.0348602
          30        0.04    0.125333   0.0338222
          31        0.24    0.129032   0.0329328
          32        0.24      0.1325   0.0320857
          33        0.04    0.129697   0.0312356
          34         0.2    0.131765   0.0303853
          35         0.2    0.133714   0.0295796
          36        0.08    0.132222   0.0287956
          37        0.24    0.135135   0.0281642
          38        0.08    0.133684   0.0274604
          39        0.12    0.133333   0.0267586
          40       -0.04       0.129   0.0264381
          41       -0.04    0.124878   0.0261127
          42           0    0.121905   0.0256596
          43       -0.32    0.111628   0.0270427
          44       -0.24    0.103636   0.0275836
          45        -0.2   0.0968889   0.0277837
          46        0.04   0.0956522   0.0272072
          47        0.28   0.0995745   0.0269096
          48        0.16    0.100833   0.0263784
          49        0.04   0.0995918   0.0258692
          50        0.08      0.0992   0.0253548
          51        0.04   0.0980392   0.0248842
          52       -0.04   0.0953846   0.0245469
          53           0   0.0935849   0.0241496
          54       -0.12   0.0896296   0.0240241
          55       -0.12   0.0858182   0.0238877
          56        -0.2   0.0807143   0.0240002
          57       -0.16   0.0764912   0.0239478
          58        0.04   0.0758621   0.0235432
          59        -0.2   0.0711864   0.0236039
          60        0.08   0.0713333   0.0232109
          61        0.08   0.0714754   0.0228309
          62        0.24   0.0741935   0.0226239
          63         0.2   0.0761905   0.0223527
          64        0.24     0.07875   0.0221495
          65        0.28   0.0818462   0.0220241
          66        0.04   0.0812121   0.0216995
          67       -0.12    0.078209   0.0215824
          68       -0.12   0.0752941    0.021461
          69       -0.32   0.0695652   0.0219013
          70        -0.2   0.0657143   0.0219243
          71           0   0.0647887   0.0216351
          72           0   0.0638889   0.0213533
          73       -0.08   0.0619178   0.0211516
          74           0   0.0610811   0.0208823
          75        0.08   0.0613333   0.0206054
          76        0.04   0.0610526   0.0203361
          77       -0.08   0.0592208   0.0201544
          78        0.04   0.0589744   0.0198975
          79       -0.16   0.0562025   0.0198378
          80       -0.04       0.055   0.0196262
          81       -0.16   0.0523457   0.0195626
          82       -0.08   0.0507317   0.0193905
          83       -0.24   0.0472289   0.0194706
          84       -0.48   0.0409524   0.0202252
          85           0   0.0404706    0.019993
          86        0.48   0.0455814   0.0204033
          87        0.28   0.0482759   0.0203459
          88         0.2        0.05   0.0201877
          89        0.16    0.051236   0.0199986
          90        0.16   0.0524444   0.0198129
          91        0.24   0.0545055   0.0197021
          92           0    0.053913   0.0194968
          93        0.08   0.0541935   0.0192892
          94        0.12   0.0548936   0.0190967
          95        0.08   0.0551579   0.0188975
          96       -0.12   0.0533333   0.0187885
          97       -0.04   0.0523711   0.0186195
          98        0.08   0.0526531   0.0184316
          99         0.2   0.0541414   0.0183054
         100        0.12      0.0548   0.0181342
         101       -0.04   0.0538614   0.0179789
         102        0.12   0.0545098   0.0178144
         103       -0.04   0.0535922    0.017665
         104           0   0.0530769   0.0175027
         105           0   0.0525714   0.0173433
         106        0.04   0.0524528   0.0171801
         107        0.04   0.0523364   0.0170199
         108        -0.2        0.05   0.0170219
         109        0.16   0.0510092   0.0168957
         110        0.04   0.0509091   0.0167424
         111        0.12   0.0515315   0.0166031
         112        0.24   0.0532143   0.0165399
         113        0.12   0.0538053   0.0164041
         114        0.32   0.0561404   0.0164255
         115        0.36   0.0587826   0.0164939
         116        0.12   0.0593103   0.0163601
         117        0.24   0.0608547    0.016293
         118        0.24   0.0623729   0.0162255
         119        0.28   0.0642017   0.0161919
         120        0.48   0.0676667   0.0164235
         121        0.16   0.0684298   0.0163055
         122        0.24   0.0698361   0.0162324
         123        0.44   0.0728455    0.016377
         124        0.24   0.0741935   0.0163003
         125        0.24     0.07552   0.0162238
         126        0.28   0.0771429    0.016176
         127         0.2   0.0781102   0.0160775
         128           0      0.0775   0.0159635
         129       -0.28   0.0747287   0.0160785
         130       -0.08   0.0735385   0.0159988
         131       -0.08   0.0723664   0.0159196
         132        0.16   0.0730303   0.0158128
         133       -0.08   0.0718797   0.0157357
         134       -0.12   0.0704478   0.0156833
         135       -0.24   0.0681481   0.0157348
         136       -0.28   0.0655882    0.015826
         137       -0.08   0.0645255   0.0157461
         138       -0.08   0.0634783   0.0156668
         139        0.24   0.0647482   0.0156055
         140        0.16   0.0654286   0.0155088
         141        0.12   0.0658156   0.0154037
         142        0.12   0.0661972   0.0152999
         143        0.16   0.0668531    0.015207
         144        0.24   0.0680556   0.0151488
         145        0.12   0.0684138   0.0150486
         146        0.24    0.069589   0.0149914
         147         0.2   0.0704762   0.0149156
         148         0.2   0.0713514   0.0148405
         149        0.16   0.0719463   0.0147528
         150       -0.04      0.0712   0.0146733
         151       -0.12   0.0699338   0.0146307
         152        0.08        0.07   0.0145346
         153        0.12   0.0703268   0.0144432
         154       -0.12   0.0690909   0.0144022
         155       -0.04   0.0683871   0.0143265
         156       -0.16   0.0669231   0.0143093
         157       -0.04    0.066242   0.0142343
         158       -0.08   0.0653165   0.0141743
         159        0.16   0.0659119   0.0140977
         160        0.04     0.06575   0.0140105
         161        0.16   0.0663354   0.0139357
         162        0.16   0.0669136   0.0138616
         163       -0.08   0.0660123   0.0138059
         164       -0.12    0.064878   0.0137682
         165       -0.04   0.0642424   0.0136994
         166       -0.12   0.0631325   0.0136618
         167       -0.24   0.0613174      0.0137
         168       -0.12   0.0602381   0.0136609
         169           0   0.0598817   0.0135847
         170        0.08        0.06   0.0135053
         171        0.04    0.059883   0.0134269
         172           0   0.0595349   0.0133533
         173       -0.16   0.0582659   0.0133363
         174       -0.04   0.0577011   0.0132716
         175       -0.12   0.0566857   0.0132346
         176        0.08   0.0568182     0.01316
         177       -0.04   0.0562712    0.013097
         178       -0.16   0.0550562   0.0130797
         179       -0.16   0.0538547   0.0130617
         180       -0.16   0.0526667    0.013043
         181       -0.04   0.0521547    0.012981
         182       -0.08   0.0514286     0.01293
         183       -0.08   0.0507104   0.0128793
         184        0.04   0.0506522   0.0128094
         185        -0.2   0.0492973   0.0128116
         186           0   0.0490323   0.0127455
         187        -0.2   0.0477005   0.0127467
         188       -0.24   0.0461702   0.0127704
         189       -0.44   0.0435979   0.0129593
         190       -0.28   0.0418947   0.0130026
         191       -0.32        0.04   0.0130718
         192       -0.12   0.0391667   0.0130303
         193           0   0.0389637   0.0129643
         194        0.04   0.0389691   0.0128975
         195       -0.04   0.0385641   0.0128377
         196       -0.08   0.0379592   0.0127865
         197       -0.12   0.0371574   0.0127467
         198       -0.08   0.0365657    0.012696
         199       -0.24   0.0351759   0.0127081
         200       -0.16      0.0342   0.0126819
         201       -0.16   0.0332338   0.0126556
         202       -0.12   0.0324752   0.0126157
         203       -0.12   0.0317241   0.0125759
         204       -0.12   0.0309804   0.0125362
         205       -0.08    0.030439   0.0124867
         206        -0.2   0.0293204   0.0124761
         207           0   0.0291787   0.0124166
         208       -0.04   0.0288462   0.0123614
         209       -0.08   0.0283254   0.0123132
         210        0.24   0.0293333   0.0122958
         211        0.04   0.0293839   0.0122376
         212        0.12   0.0298113   0.0121873
         213        0.12   0.0302347   0.0121375
         214           0   0.0300935   0.0120816
         215       -0.04   0.0297674   0.0120298
         216       -0.36    0.027963   0.0121087
         217        -0.2   0.0269124   0.0120984
         218       -0.04   0.0266055   0.0120468
         219       -0.12   0.0259361   0.0120103
         220        -0.4       0.024   0.0121108
         221        -0.4   0.0220814    0.012207
         222       -0.36   0.0203604   0.0122727
         223       -0.16   0.0195516   0.0122443
         224       -0.12   0.0189286   0.0122055
         225       -0.04   0.0186667   0.0121541
         226         0.2    0.019469   0.0121267
         227           0   0.0193833   0.0120736
         228        0.04   0.0194737    0.012021
         229        0.28   0.0206114   0.0120222
         230        0.12   0.0210435   0.0119777
         231       -0.08   0.0206061   0.0119339
         232       -0.12        0.02   0.0118978
         233       -0.16   0.0192275   0.0118718
         234        -0.4   0.0174359   0.0119555
         235        -0.2   0.0165106   0.0119404
         236       -0.24   0.0154237   0.0119391
         237        -0.2   0.0145148   0.0119233
         238        0.28   0.0156303   0.0119253
         239         0.2   0.0164017   0.0119003
         240        0.08   0.0166667   0.0118537
         241           0   0.0165975   0.0118047
         242        -0.2   0.0157025   0.0117898
         243       -0.24   0.0146502   0.0117881
         244        0.12    0.015082   0.0117477
         245       -0.08   0.0146939   0.0117062
         246        -0.2   0.0138211   0.0116911
         247       -0.36   0.0123077   0.0117413
         248       -0.12   0.0117742   0.0117061
         249       -0.12    0.011245    0.011671
         250       -0.28     0.01008   0.0116823
         251        -0.4  0.00844622   0.0117495
         252        -0.4   0.0068254   0.0118141
         253       -0.04  0.00664032   0.0117689
         254       -0.12  0.00614173   0.0117331
         255        0.04  0.00627451   0.0116878
         256       -0.04  0.00609375   0.0116436
         257           0  0.00607004   0.0115983
         258       -0.12   0.0055814   0.0115636
         259       -0.16  0.00494208   0.0115366
         260       -0.04  0.00476923   0.0114936
         261       -0.08  0.00444444   0.0114541
         262       -0.08  0.00412214   0.0114149
         263           0  0.00410646   0.0113715
         264       -0.04  0.00393939   0.0113297
         265        0.16   0.0045283   0.0113022
         266        0.32  0.00571429   0.0113218
         267         0.2  0.00644195   0.0113027
         268        0.36  0.00776119   0.0113373
         269        0.16  0.00832714   0.0113093
         270        0.12  0.00874074   0.0112749
         271        0.04  0.00885609   0.0112339
         272        0.04  0.00897059   0.0111932
         273           0  0.00893773   0.0111523
         274       -0.08  0.00861314   0.0111163
         275           0  0.00858182   0.0110759
         276        0.12  0.00898551   0.0110431
         277        0.24  0.00981949   0.0110347
         278        0.12   0.0102158   0.0110021
         279        0.08   0.0104659   0.0109655
         280        0.08   0.0107143   0.0109292
         281         0.2   0.0113879    0.010911
         282         0.2   0.0120567   0.0108928
         283        0.32   0.0131449   0.0109085
         284        0.48   0.0147887   0.0109933
         285        0.32   0.0158596   0.0110068
         286        0.24   0.0166434   0.0109961
         287        0.04   0.0167247   0.0109581
         288        0.04   0.0168056   0.0109204
         289           0   0.0167474   0.0108827
         290        0.04   0.0168276   0.0108455
         291        0.12   0.0171821    0.010814
         292        0.04   0.0172603   0.0107773
         293           0   0.0172014   0.0107407
         294       -0.08   0.0168707   0.0107092
         295        0.24   0.0176271   0.0106996
         296        0.12    0.017973    0.010669
         297        0.12   0.0183165   0.0106386
         298        0.04   0.0183893   0.0106032
         299       -0.04    0.018194   0.0105695
         300       -0.24   0.0173333   0.0105693
         301        -0.2   0.0166113   0.0105588
         302       -0.36   0.0153642   0.0105972
         303       -0.08   0.0150495   0.0105669
         304         0.2   0.0156579   0.0105497
         305        0.12       0.016   0.0105206
         306       -0.16   0.0154248   0.0105019
         307       -0.12   0.0149837    0.010477
         308       -0.12   0.0145455   0.0104521
         309       -0.28   0.0135922   0.0104617
         310       -0.24   0.0127742   0.0104599
         311       -0.32   0.0117042   0.0104808
         312       -0.28   0.0107692   0.0104889
         313       -0.12   0.0103514   0.0104637
         314        -0.2  0.00968153   0.0104518
         315       -0.08  0.00939683   0.0104225
         316           0  0.00936709   0.0103895
         317       -0.28  0.00845426   0.0103968
         318        -0.4  0.00716981   0.0104431
         319       -0.36  0.00601881   0.0104736
         320       -0.32       0.005   0.0104903
         321       -0.44  0.00361371   0.0105488
         322       -0.48   0.0021118   0.0106225
         323       -0.36 0.000990712   0.0106486
         324       -0.52-0.000617284   0.0107364
         325        -0.6 -0.00246154   0.0108606
         326        -0.6 -0.00429448   0.0109809
         327       -0.56 -0.00599388    0.011078
         328        -0.4 -0.00719512   0.0111092
         329       -0.28 -0.00802432   0.0111063
         330       -0.08 -0.00824242   0.0110748
         331           0 -0.00821752   0.0110414
         332       -0.04 -0.00831325   0.0110086
         333       -0.12 -0.00864865   0.0109806
         334       -0.12 -0.00898204   0.0109528
         335       -0.16 -0.00943284   0.0109294
         336       -0.08 -0.00964286   0.0108989
         337           0 -0.00961424   0.0108666
         338           0  -0.0095858   0.0108344
         339        0.16 -0.00908555    0.010814
         340        0.24 -0.00835294    0.010807
         341        0.08 -0.00809384   0.0107784
         342        0.16 -0.00760234   0.0107581
         343        0.24 -0.00688047   0.0107509
         344        0.12 -0.00651163    0.010726
         345       -0.04  -0.0066087   0.0106954
         346       -0.32 -0.00751445   0.0107027
         347       -0.32 -0.00841499   0.0107097
         348       -0.16 -0.00885057   0.0106878
         349       -0.32 -0.00974212   0.0106943
         350       -0.28  -0.0105143   0.0106916
         351        0.04  -0.0103704   0.0106621
         352        0.08  -0.0101136   0.0106349
         353           0   -0.010085   0.0106048
         354       -0.08  -0.0102825   0.0105767
         355       -0.16  -0.0107042   0.0105553
         356       -0.16  -0.0111236    0.010534
         357       -0.08  -0.0113165   0.0105062
         358       -0.04  -0.0113966   0.0104772
         359       -0.04  -0.0114763   0.0104483
         360           0  -0.0114444   0.0104193
         361       -0.16   -0.011856   0.0103986
         362       -0.36  -0.0128177   0.0104142
         363        -0.6  -0.0144353   0.0105104
         364       -0.44  -0.0156044   0.0105464
         365       -0.44  -0.0167671   0.0105814
         366        -0.2  -0.0172678   0.0105643
         367       -0.24  -0.0178747   0.0105529
         368       -0.24  -0.0184783   0.0105415
         369       -0.44  -0.0196206   0.0105746
         370        -0.6  -0.0211892   0.0106618
         371       -0.64  -0.0228571   0.0107627
         372        -0.4   -0.023871   0.0107814
         373       -0.16  -0.0242359   0.0107587
         374       -0.08   -0.024385    0.010731
         375        0.16  -0.0238933   0.0107136
         376         0.2  -0.0232979   0.0107016
         377        0.12  -0.0229178     0.01068
         378        0.28  -0.0221164   0.0106818
         379        0.24  -0.0214248    0.010676
         380        0.04  -0.0212632   0.0106491
         381        0.04  -0.0211024   0.0106223
         382        0.32  -0.0202094    0.010632
         383        0.36  -0.0192167   0.0106505
         384        0.36  -0.0182292   0.0106684
         385        0.52  -0.0168312   0.0107319
         386        0.04  -0.0166839   0.0107051
         387        0.28  -0.0159173   0.0107049
         388        0.28  -0.0151546   0.0107044
         389        0.32  -0.0142931   0.0107115
         390        0.16  -0.0138462   0.0106934
         391        0.04  -0.0137084   0.0106669
         392       -0.08  -0.0138776   0.0106411
         393        -0.2  -0.0143511   0.0106245
         394       -0.12  -0.0146193   0.0106009
         395       -0.24  -0.0151899   0.0105894
         396       -0.08  -0.0153535    0.010564
         397       -0.04  -0.0154156   0.0105375
         398        -0.2  -0.0158794   0.0105213
         399       -0.24  -0.0164411   0.0105099
         400        0.16      -0.016   0.0104929
         401       -0.04  -0.0160599   0.0104669
         402       -0.24  -0.0166169   0.0104556
         403       -0.28  -0.0172705   0.0104501
         404       -0.24  -0.0178218   0.0104388
         405       -0.16  -0.0181728   0.0104189
         406        -0.2  -0.0186207   0.0104028
         407       -0.08  -0.0187715   0.0103784
         408        -0.2  -0.0192157   0.0103624
         409       -0.32  -0.0199511   0.0103632
         410       -0.12  -0.0201951   0.0103408
         411        0.12   -0.019854   0.0103212
         412        0.04  -0.0197087   0.0102972
         413        -0.4  -0.0206295   0.0103134
         414       -0.56  -0.0219324   0.0103704
         415       -0.52  -0.0231325   0.0104146
         416        -0.4  -0.0240385   0.0104289
         417       -0.32  -0.0247482    0.010428
         418       -0.28  -0.0253589    0.010421
         419       -0.04  -0.0253938   0.0103961
         420        -0.2  -0.0258095   0.0103797
         421       -0.08  -0.0259382   0.0103558
         422        -0.2  -0.0263507   0.0103395
         423       -0.28  -0.0269504   0.0103324
         424       -0.36  -0.0277358   0.0103379
         425        -0.4  -0.0286118   0.0103506
         426       -0.36  -0.0293897   0.0103555
         427       -0.04  -0.0294145   0.0103313
         428           0  -0.0293458   0.0103074
         429       -0.16  -0.0296503   0.0102878
         430       -0.12  -0.0298605   0.0102661
         431       -0.24   -0.030348   0.0102538
         432       -0.28  -0.0309259   0.0102464
         433       -0.08  -0.0310393   0.0102233
         434        0.04  -0.0308756   0.0102011
         435        0.24  -0.0302529   0.0101966
         436        0.24   -0.029633    0.010192
         437        0.08  -0.0293822   0.0101718
         438        0.16  -0.0289498   0.0101578
         439        0.08  -0.0287016   0.0101377
         440        0.16  -0.0282727   0.0101237
         441        0.28  -0.0275737   0.0101248
         442        0.28  -0.0268778   0.0101258
         443        0.24  -0.0262754   0.0101209
         444        0.08   -0.026036   0.0101009
         445           0  -0.0259775   0.0100784
         446        0.04  -0.0258296   0.0100569
         447       -0.08  -0.0259508   0.0100351
         448        0.08  -0.0257143   0.0100155
         449        0.28  -0.0250334   0.0100163
         450        0.16  -0.0246222   0.0100025
         451        0.24  -0.0240355  0.00999748
         452        0.08  -0.0238053  0.00997801
         453        0.08  -0.0235762  0.00995862
         454       -0.04  -0.0236123  0.00993675
         455       -0.16  -0.0239121  0.00991943
         456       -0.08  -0.0240351  0.00989844
         457       -0.04    -0.02407  0.00987684
         458       -0.32  -0.0247162  0.00987639
         459       -0.32  -0.0253595   0.0098758
         460       -0.32      -0.026  0.00987508
         461       -0.24  -0.0264642  0.00986456
         462        -0.2  -0.0268398  0.00985036
         463       -0.12   -0.027041  0.00983114
         464        0.04  -0.0268966  0.00981101
         465        0.04  -0.0267527  0.00979097
         466         0.4  -0.0258369  0.00981269
         467         0.2  -0.0253533  0.00980359
         468        0.12  -0.0250427  0.00978756
         469           0  -0.0249893  0.00976684
         470       -0.24  -0.0254468  0.00975676
         471        -0.6  -0.0266667  0.00981201
         472       -0.36  -0.0273729   0.0098166
         473       -0.56  -0.0284989  0.00986022
         474       -0.24  -0.0289451  0.00984951
         475       -0.08  -0.0290526  0.00982936
         476        0.16  -0.0286555  0.00981673
         477        0.08  -0.0284277   0.0097988
         478        0.04  -0.0282845  0.00977934
         479        0.08  -0.0280585  0.00976154
         480           0      -0.028  0.00974138
         481       -0.24  -0.0284407  0.00973109
         482        0.04  -0.0282988  0.00971194
         483       -0.16  -0.0285714  0.00969566
         484        0.04  -0.0284298  0.00967666
         485        0.28  -0.0277938  0.00967758
         486        0.32  -0.0270782  0.00968409
         487        0.12  -0.0267762  0.00966892
         488        0.04  -0.0266393  0.00965007
         489        0.04  -0.0265031   0.0096313
         490        0.08  -0.0262857  0.00961409
         491       -0.12  -0.0264766  0.00959641
         492       -0.16   -0.026748  0.00958074
         493           0  -0.0266937  0.00956146
         494        0.08  -0.0264777  0.00954454
         495        0.36   -0.025697  0.00955714
         496        0.28  -0.0250806  0.00955773
         497       -0.04  -0.0251107  0.00953854
         498       -0.04  -0.0251406  0.00951944
         499       -0.04  -0.0251703  0.00950041
         500        -0.2    -0.02552  0.00948784
