#     BLOCK:   ACTUAL_T:     T_AVE:       ERROR:
           1     2.12998     2.12998           0
           2     2.11922      2.1246  0.00380602
           3     2.18109     2.14343   0.0155815
           4     2.11705     2.13684   0.0130074
           5     1.99049     2.10757   0.0281715
           6     1.91329     2.07519   0.0377464
           7     1.86845     2.04565    0.042361
           8     1.84641     2.02075   0.0437794
           9     1.84024     2.00069   0.0432661
          10     1.86364     1.98699   0.0410527
          11     1.87745     1.97703   0.0385093
          12       1.916     1.97194   0.0356344
          13     1.91023      1.9672   0.0332079
          14     1.80435     1.95556     0.03281
          15     1.72477     1.94018   0.0340397
          16     1.66367      1.9229   0.0360329
          17     1.62334     1.90528   0.0379782
          18     1.58505     1.88749   0.0398176
          19      1.5791     1.87125   0.0408965
          20     1.53835     1.85461   0.0421029
          21     1.52255      1.8388   0.0429648
          22     1.50476     1.82361   0.0436123
          23     1.49536     1.80934   0.0439894
          24     1.48755     1.79593   0.0441527
          25     1.48618     1.78354   0.0440908
          26     1.47132     1.77153   0.0439999
          27     1.47067     1.76039   0.0437586
          28     1.47761     1.75029   0.0433456
          29     1.48833     1.74126   0.0427818
          30     1.49657      1.7331   0.0421261
          31     1.48773     1.72519   0.0415041
          32     1.46979     1.71721   0.0409673
          33     1.47875     1.70998   0.0403581
          34     1.46553     1.70279   0.0398064
          35     1.45157     1.69561   0.0393108
          36     1.43514     1.68838    0.038879
          37     1.42321     1.68121   0.0384831
          38     1.42861     1.67456   0.0380402
          39     1.43494     1.66842   0.0375577
          40     1.42781      1.6624   0.0370974
          41     1.43042     1.65675   0.0366215
          42     1.41345     1.65095   0.0362048
          43      1.4247     1.64569   0.0357431
          44     1.45133     1.64127   0.0352027
          45      1.4618     1.63729   0.0346456
          46      1.4621     1.63348   0.0341011
          47     1.44719     1.62951   0.0336051
          48     1.42442     1.62524   0.0331755
          49     1.41121     1.62087   0.0327848
          50       1.417      1.6168   0.0323816
          51     1.40676     1.61268   0.0320075
          52      1.3967     1.60852   0.0316603
          53     1.36709     1.60397    0.031389
          54     1.37994     1.59982   0.0310806
          55     1.37157     1.59567   0.0307914
          56     1.35833     1.59143   0.0305318
          57     1.36072     1.58738   0.0302632
          58     1.37386      1.5837   0.0299645
          59     1.38056     1.58026   0.0296538
          60      1.3905      1.5771   0.0293277
          61      1.4009     1.57421   0.0289889
          62      1.4017     1.57143   0.0286545
          63     1.38371     1.56845   0.0283542
          64      1.3708     1.56536   0.0280788
          65     1.37683     1.56246   0.0277962
          66     1.40479     1.56007   0.0274776
          67     1.42192     1.55801   0.0271447
          68     1.41682     1.55593   0.0268248
          69     1.38957     1.55352   0.0265442
          70     1.37536     1.55097   0.0262867
          71     1.37523      1.5485   0.0260327
          72      1.3939     1.54635   0.0257596
          73     1.40203     1.54437   0.0254825
          74     1.42692     1.54279   0.0251875
          75     1.43568     1.54136   0.0248921
          76     1.43689     1.53998   0.0246025
          77     1.44045     1.53869   0.0243169
          78      1.4009     1.53693   0.0240692
          79     1.38418     1.53499   0.0238421
          80     1.36264     1.53284   0.0236412
          81     1.34263     1.53049   0.0234657
          82     1.36985     1.52853   0.0232611
          83     1.37724     1.52671   0.0230522
          84     1.36316     1.52476   0.0228598
          85     1.35898     1.52281    0.022674
          86     1.36993     1.52103   0.0224799
          87     1.37341     1.51934   0.0222854
          88      1.3803     1.51776   0.0220881
          89     1.37707     1.51618   0.0218964
          90     1.36528      1.5145   0.0217172
          91     1.34917     1.51268   0.0215545
          92      1.3472     1.51088   0.0213951
          93     1.35838     1.50924   0.0212278
          94     1.36577     1.50772   0.0210568
          95     1.35914     1.50615   0.0208931
          96     1.36986     1.50473   0.0207237
          97     1.35076     1.50315   0.0205707
          98     1.33982     1.50148   0.0204282
          99     1.35709     1.50002   0.0202739
         100     1.35641     1.49858   0.0201219
         101     1.36385     1.49725   0.0199669
         102     1.39877     1.49628   0.0197944
         103     1.40359     1.49538   0.0196227
         104     1.37721     1.49425   0.0194669
         105     1.35903     1.49296   0.0193241
         106     1.36106     1.49172   0.0191818
         107     1.38643     1.49073   0.0190277
         108     1.38578     1.48976   0.0188763
         109     1.41075     1.48904   0.0187171
         110     1.40339     1.48826   0.0185631
         111     1.39996     1.48746   0.0184129
         112     1.37422     1.48645   0.0182762
         113     1.33721     1.48513   0.0181622
         114     1.31968     1.48368   0.0180607
         115     1.31422     1.48221   0.0179637
         116     1.31587     1.48077    0.017866
         117     1.33311     1.47951   0.0177578
         118     1.31941     1.47815   0.0176591
         119     1.32189     1.47684   0.0175594
         120     1.32263     1.47555   0.0174601
         121     1.31735     1.47425   0.0173647
         122     1.33681     1.47312   0.0172588
         123     1.36084     1.47221   0.0171426
         124     1.38219     1.47148   0.0170197
         125     1.38534     1.47079   0.0168975
         126     1.37191     1.47001   0.0167816
         127     1.35005     1.46906   0.0166761
         128     1.35346     1.46816   0.0165702
         129     1.37972     1.46747   0.0164559
         130     1.40115     1.46696   0.0163373
         131     1.39176     1.46639   0.0162226
         132     1.36287     1.46561   0.0161187
         133     1.34924     1.46473   0.0160212
         134     1.34832     1.46386   0.0159252
         135     1.34636     1.46299    0.015831
         136      1.3696      1.4623   0.0157295
         137     1.36664     1.46161   0.0156302
         138     1.34563     1.46077   0.0155395
         139     1.32965     1.45982   0.0154563
         140     1.32865     1.45889   0.0153743
         141     1.33917     1.45804   0.0152886
         142     1.35917     1.45734   0.0151968
         143     1.36634      1.4567   0.0151039
         144     1.36456     1.45606   0.0150125
         145     1.35934      1.4554   0.0149238
         146     1.35816     1.45473   0.0148364
         147     1.33993     1.45395   0.0147561
         148     1.32364     1.45307   0.0146826
         149     1.30147     1.45205   0.0146193
         150     1.28596     1.45095   0.0145637
         151     1.28686     1.44986   0.0145077
         152     1.30801     1.44893   0.0144422
         153     1.32172     1.44809   0.0143718
         154     1.33018     1.44733   0.0142988
         155     1.34496     1.44667   0.0142218
         156     1.30576     1.44576   0.0141593
         157     1.29312     1.44479   0.0141025
         158     1.31442     1.44397   0.0140373
         159     1.31099     1.44313   0.0139739
         160     1.28739     1.44216   0.0139205
         161     1.29024     1.44121   0.0138659
         162     1.28652     1.44026   0.0138132
         163     1.27679     1.43926   0.0137648
         164     1.27065     1.43823   0.0137192
         165      1.2883     1.43732   0.0136661
         166     1.29381     1.43645   0.0136111
         167     1.30381     1.43566   0.0135528
         168     1.30158     1.43486   0.0134956
         169     1.30538      1.4341   0.0134374
         170     1.31744     1.43341   0.0133759
         171     1.33059     1.43281   0.0133112
         172     1.34405     1.43229   0.0132438
         173     1.36757     1.43192   0.0131725
         174     1.35126     1.43145    0.013105
         175     1.33047     1.43088   0.0130428
         176      1.3022     1.43015   0.0129892
         177     1.29745      1.4294   0.0129374
         178     1.30041     1.42867    0.012885
         179     1.30512     1.42798   0.0128315
         180     1.33004     1.42744   0.0127717
         181     1.32022     1.42685   0.0127149
         182     1.32436     1.42628   0.0126575
         183      1.3399     1.42581   0.0125971
         184     1.34778     1.42539   0.0125358
         185     1.35614     1.42501   0.0124736
         186     1.34708     1.42459   0.0124136
         187     1.33383     1.42411   0.0123567
         188     1.32917      1.4236   0.0123013
         189     1.32723     1.42309   0.0122468
         190     1.31777     1.42254   0.0121949
         191     1.29802     1.42189   0.0121484
         192     1.30729     1.42129   0.0120998
         193      1.3199     1.42076   0.0120485
         194     1.29367     1.42011   0.0120042
         195     1.29552     1.41947   0.0119596
         196     1.29705     1.41885   0.0119149
         197     1.30734     1.41828   0.0118679
         198     1.31714     1.41777   0.0118189
         199     1.36037     1.41748    0.011763
         200     1.37356     1.41726   0.0117063
         201     1.35479     1.41695   0.0116522
         202     1.33628     1.41655   0.0116013
         203     1.30991     1.41603   0.0115561
         204     1.30707     1.41549   0.0115117
         205     1.33896     1.41512   0.0114616
         206     1.34055     1.41476   0.0114117
         207     1.33327     1.41436   0.0113634
         208     1.30671     1.41384   0.0113205
         209     1.31113     1.41335    0.011277
         210     1.30657     1.41284   0.0112348
         211     1.31249     1.41237   0.0111916
         212     1.32288     1.41195   0.0111468
         213     1.32013     1.41152   0.0111028
         214     1.35192     1.41124   0.0110544
         215     1.35529     1.41098    0.011006
         216     1.36194     1.41075   0.0109574
         217     1.35869     1.41051   0.0109095
         218     1.33492     1.41016    0.010865
         219     1.33692     1.40983   0.0108205
         220     1.30455     1.40935   0.0107819
         221     1.28912     1.40881   0.0107469
         222     1.28765     1.40826   0.0107123
         223     1.29408     1.40775   0.0106765
         224     1.30761      1.4073   0.0106382
         225     1.31541     1.40689   0.0105987
         226     1.31179     1.40647   0.0105602
         227     1.31608     1.40607   0.0105212
         228     1.28135     1.40553   0.0104892
         229     1.26985     1.40493   0.0104602
         230     1.25876      1.4043    0.010434
         231     1.25644     1.40366   0.0104084
         232     1.26665     1.40307   0.0103803
         233     1.27608     1.40252     0.01035
         234     1.29294     1.40206   0.0103164
         235     1.30234     1.40163   0.0102812
         236      1.2828     1.40113     0.01025
         237     1.27538      1.4006   0.0102205
         238     1.27349     1.40006   0.0101915
         239     1.29268     1.39961   0.0101587
         240     1.28401     1.39913   0.0101278
         241     1.28265     1.39865   0.0100973
         242     1.27309     1.39813   0.0100689
         243     1.27936     1.39764   0.0100393
         244     1.27732     1.39715   0.0100103
         245     1.27933     1.39667  0.00998096
         246     1.28324     1.39621  0.00995103
         247      1.3061     1.39584  0.00991743
         248     1.28645      1.3954  0.00988724
         249     1.28112     1.39494  0.00985818
         250     1.30054     1.39456  0.00982598
         251     1.30753     1.39422  0.00979295
         252     1.30767     1.39387  0.00976011
         253     1.30514     1.39352  0.00972783
         254     1.29455     1.39313  0.00969733
         255     1.27339     1.39266  0.00967067
         256     1.26271     1.39216   0.0096462
         257     1.26541     1.39166  0.00962127
         258     1.29691      1.3913  0.00959098
         259     1.32714     1.39105  0.00955715
         260     1.33436     1.39083  0.00952288
         261      1.3247     1.39058  0.00948976
         262     1.30809     1.39026  0.00945876
         263     1.30236     1.38993   0.0094287
         264      1.3042      1.3896  0.00939858
         265      1.3037     1.38928   0.0093687
         266     1.30651     1.38897  0.00933864
         267     1.30714     1.38866  0.00930869
         268     1.30987     1.38837   0.0092786
         269     1.31171     1.38808  0.00924848
         270     1.30303     1.38777  0.00921959
         271      1.3157      1.3875  0.00918941
         272     1.31656     1.38724  0.00915932
         273     1.32914     1.38703  0.00912824
         274      1.3423     1.38686  0.00909639
         275     1.33005     1.38666  0.00906565
         276     1.31521      1.3864   0.0090365
         277     1.34657     1.38625  0.00900502
         278     1.35308     1.38614  0.00897342
         279     1.34185     1.38598  0.00894266
         280     1.32838     1.38577  0.00891309
         281     1.30559     1.38549  0.00888594
         282     1.28782     1.38514  0.00886117
         283     1.27191     1.38474  0.00883889
         284     1.28441     1.38439  0.00881482
         285     1.29621     1.38408  0.00878932
         286     1.30277     1.38379  0.00876319
         287     1.30079      1.3835  0.00873743
         288     1.30769     1.38324  0.00871105
         289     1.30199     1.38296  0.00868545
         290     1.29163     1.38264   0.0086612
         291     1.29357     1.38234  0.00863685
         292     1.30968     1.38209  0.00861085
         293     1.31374     1.38186  0.00858462
         294     1.32402     1.38166  0.00855768
         295     1.30431      1.3814  0.00853268
         296     1.29533     1.38111  0.00850881
         297     1.30061     1.38083  0.00848448
         298     1.32868     1.38066  0.00845781
         299     1.34374     1.38054  0.00843043
         300     1.34056      1.3804  0.00840338
         301     1.34151     1.38027  0.00837645
         302     1.33685     1.38013  0.00834995
         303     1.35381     1.38004  0.00832284
         304     1.34621     1.37993  0.00829621
         305     1.34956     1.37983  0.00826961
         306     1.31769     1.37963  0.00824507
         307      1.3021     1.37938  0.00822208
         308     1.31639     1.37917  0.00819793
         309     1.30877     1.37894  0.00817457
         310     1.31372     1.37873   0.0081509
         311     1.33693      1.3786   0.0081258
         312     1.34191     1.37848  0.00810061
         313     1.33952     1.37836  0.00807569
         314     1.36079      1.3783  0.00805016
         315     1.33479     1.37816  0.00802579
         316     1.31682     1.37797  0.00800274
         317     1.30805     1.37775  0.00798053
         318     1.28646     1.37746   0.0079606
         319     1.29042     1.37719  0.00794032
         320     1.31334     1.37699  0.00791801
         321     1.32723     1.37683  0.00789486
         322     1.34625     1.37674  0.00787092
         323     1.32367     1.37657  0.00784826
         324     1.30954     1.37637  0.00782677
         325     1.30082     1.37614  0.00780613
         326     1.29637     1.37589  0.00778602
         327     1.29286     1.37564  0.00776635
         328     1.29315     1.37539  0.00774674
         329     1.29872     1.37515   0.0077267
         330     1.31599     1.37497  0.00770537
         331     1.31568     1.37479  0.00768417
         332     1.31728     1.37462  0.00766298
         333     1.30707     1.37442  0.00764265
         334     1.31557     1.37424   0.0076218
         335     1.33954     1.37414  0.00759975
         336     1.35511     1.37408  0.00757734
         337     1.35806     1.37403  0.00755501
         338     1.34488     1.37395  0.00753315
         339     1.34193     1.37385  0.00751152
         340     1.33052     1.37373  0.00749051
         341     1.34263     1.37363   0.0074691
         342     1.34252     1.37354  0.00744781
         343     1.35521     1.37349  0.00742629
         344      1.3511     1.37343  0.00740499
         345     1.34869     1.37335  0.00738387
         346     1.34392     1.37327  0.00736302
         347     1.34765     1.37319  0.00734217
         348     1.34069      1.3731  0.00732167
         349     1.35705     1.37306  0.00730083
         350     1.38646     1.37309  0.00728007
         351     1.40922      1.3732  0.00726006
         352     1.39264     1.37325  0.00723964
         353     1.37745     1.37326  0.00721915
         354      1.3683     1.37325  0.00719877
         355     1.37544     1.37326  0.00717849
         356     1.36153     1.37322   0.0071584
         357      1.3547     1.37317  0.00713854
         358     1.35463     1.37312  0.00711879
         359     1.36518      1.3731  0.00709899
         360     1.35055     1.37303  0.00707955
         361     1.34767     1.37296  0.00706028
         362     1.31964     1.37282  0.00704232
         363     1.30676     1.37263  0.00702527
         364     1.32828     1.37251  0.00700703
         365     1.32066     1.37237  0.00698927
         366     1.32873     1.37225  0.00697119
         367     1.34753     1.37218  0.00695252
         368     1.34762     1.37212  0.00693395
         369     1.34298     1.37204   0.0069156
         370     1.29857     1.37184  0.00689976
         371     1.29657     1.37164  0.00688415
         372     1.29229     1.37142  0.00686895
         373     1.29834     1.37123  0.00685333
         374     1.30267     1.37104  0.00683745
         375     1.29164     1.37083   0.0068225
         376     1.31543     1.37069  0.00680594
         377     1.32517     1.37056  0.00678896
         378      1.3252     1.37044  0.00677206
         379     1.31655      1.3703  0.00675569
         380     1.30952     1.37014   0.0067398
         381     1.30406     1.36997  0.00672434
         382     1.29986     1.36979  0.00670924
         383     1.30438     1.36961   0.0066939
         384     1.29762     1.36943  0.00667909
         385     1.28938     1.36922  0.00666498
         386     1.28925     1.36901  0.00665093
         387     1.31415     1.36887  0.00663526
         388     1.32951     1.36877  0.00661893
         389     1.34491     1.36871   0.0066022
         390     1.37889     1.36873  0.00658532
         391     1.36397     1.36872  0.00656849
         392     1.32211      1.3686  0.00655281
         393     1.32654      1.3685  0.00653701
         394      1.3264     1.36839  0.00652129
         395     1.35109     1.36834  0.00650493
         396     1.33999     1.36827   0.0064889
         397     1.32984     1.36818  0.00647328
         398     1.32053     1.36806  0.00645812
         399      1.3031     1.36789  0.00644398
         400     1.29925     1.36772  0.00643016
         401     1.29367     1.36754  0.00641678
         402     1.29593     1.36736  0.00640328
         403     1.30437      1.3672   0.0063893
         404     1.32049     1.36709  0.00637453
         405     1.31391     1.36696  0.00636015
         406     1.31362     1.36683  0.00634584
         407     1.33272     1.36674   0.0063308
         408     1.36835     1.36675  0.00631528
         409     1.37536     1.36677  0.00629988
         410     1.36603     1.36676  0.00628451
         411     1.36598     1.36676  0.00626922
         412     1.35514     1.36673  0.00625407
         413     1.35016     1.36669  0.00623905
         414      1.3443     1.36664  0.00622422
         415     1.33738     1.36657  0.00620962
         416     1.33645      1.3665  0.00619512
         417     1.33949     1.36643   0.0061806
         418     1.32643     1.36634  0.00616655
         419     1.35011      1.3663  0.00615196
         420     1.35226     1.36626   0.0061374
         421     1.36543     1.36626  0.00612282
         422     1.34257     1.36621  0.00610857
         423     1.35566     1.36618  0.00609418
         424     1.34885     1.36614  0.00607994
         425     1.34377     1.36609  0.00606587
         426     1.31732     1.36597  0.00605271
         427     1.30729     1.36584  0.00604009
         428     1.31962     1.36573  0.00602695
         429     1.33819     1.36566  0.00601324
         430     1.36794     1.36567  0.00599926
         431     1.37854      1.3657  0.00598541
         432     1.37903     1.36573  0.00597164
         433      1.3828     1.36577  0.00595797
         434     1.36052     1.36576  0.00594426
         435     1.34573     1.36571  0.00593077
         436      1.3509     1.36568  0.00591727
         437     1.35535     1.36565  0.00590377
         438     1.36667     1.36566  0.00589029
         439     1.41732     1.36577  0.00587805
         440       1.411     1.36588  0.00586559
         441     1.42124       1.366  0.00585363
         442     1.37868     1.36603  0.00584046
         443       1.363     1.36602  0.00582728
         444     1.33612     1.36596  0.00581455
         445      1.3615     1.36595  0.00580149
         446     1.39227     1.36601  0.00578878
         447     1.35972     1.36599  0.00577585
         448     1.33393     1.36592   0.0057634
         449      1.3146     1.36581   0.0057517
         450     1.30988     1.36568  0.00574026
         451      1.3334     1.36561  0.00572797
         452     1.34792     1.36557  0.00571544
         453     1.37083     1.36558  0.00570283
         454     1.38665     1.36563  0.00569046
         455     1.37069     1.36564  0.00567796
         456     1.35635     1.36562  0.00566555
         457     1.34647     1.36558  0.00565331
         458     1.37151     1.36559  0.00564098
         459     1.37638     1.36561  0.00562874
         460     1.38059     1.36565  0.00561659
         461     1.39067      1.3657  0.00560467
         462     1.38116     1.36573  0.00559264
         463     1.37543     1.36576   0.0055806
         464     1.35349     1.36573  0.00556864
         465      1.3409     1.36568  0.00555692
         466     1.34683     1.36563  0.00554514
         467     1.35051      1.3656  0.00553336
         468     1.35703     1.36558  0.00552157
         469     1.35145     1.36555  0.00550988
         470     1.36841     1.36556  0.00549816
         471     1.37023     1.36557  0.00548649
         472     1.36265     1.36556  0.00547487
         473     1.36608     1.36556   0.0054633
         474     1.36372     1.36556  0.00545177
         475     1.37353     1.36558  0.00544032
         476     1.36066     1.36557   0.0054289
         477     1.37967      1.3656   0.0054176
         478     1.39854     1.36567   0.0054067
         479     1.36834     1.36567  0.00539542
         480     1.35581     1.36565  0.00538422
         481     1.32584     1.36557  0.00537366
         482     1.32546     1.36548  0.00536316
         483     1.33984     1.36543  0.00535232
         484     1.35686     1.36541  0.00534129
         485     1.37531     1.36543  0.00533031
         486     1.36773     1.36544  0.00531935
         487     1.35607     1.36542  0.00530846
         488     1.33838     1.36536  0.00529787
         489     1.33875     1.36531  0.00528732
         490     1.34608     1.36527  0.00527667
         491     1.35259     1.36525  0.00526599
         492     1.37433     1.36526  0.00525532
         493     1.38922     1.36531  0.00524488
         494     1.37835     1.36534  0.00523433
         495     1.36965     1.36535  0.00522376
         496     1.34596     1.36531  0.00521338
         497     1.33005     1.36524  0.00520337
         498     1.31869     1.36514  0.00519376
         499     1.31297     1.36504  0.00518441
         500     1.32893     1.36497  0.00517454
