#     BLOCK:   ACTUAL_KE:    KE_AVE:      ERROR:
           1     3.19498     3.19498           0
           2     3.17883      3.1869  0.00570902
           3     3.27163     3.21515   0.0233722
           4     3.17557     3.20525   0.0195111
           5     2.98573     3.16135   0.0422572
           6     2.86994     3.11278   0.0566196
           7     2.80267     3.06848   0.0635415
           8     2.76961     3.03112   0.0656691
           9     2.76035     3.00104   0.0648992
          10     2.79546     2.98048    0.061579
          11     2.81618     2.96554   0.0577639
          12     2.87401     2.95791   0.0534516
          13     2.86535     2.95079   0.0498119
          14     2.70652     2.93335   0.0492149
          15     2.58715     2.91027   0.0510596
          16     2.49551     2.88434   0.0540494
          17     2.43501     2.85791   0.0569673
          18     2.37758     2.83123   0.0597264
          19     2.36865     2.80688   0.0613447
          20     2.30753     2.78191   0.0631544
          21     2.28383      2.7582   0.0644472
          22     2.25714     2.73542   0.0654185
          23     2.24304     2.71401   0.0659841
          24     2.23132      2.6939    0.066229
          25     2.22927     2.67531   0.0661362
          26     2.20698      2.6573   0.0659999
          27       2.206     2.64059   0.0656379
          28     2.21641     2.62544   0.0650184
          29      2.2325     2.61189   0.0641727
          30     2.24486     2.59965   0.0631891
          31     2.23159     2.58778   0.0622562
          32     2.20469     2.57581   0.0614509
          33     2.21812     2.56497   0.0605371
          34     2.19829     2.55419   0.0597095
          35     2.17736     2.54342   0.0589662
          36     2.15271     2.53257   0.0583185
          37     2.13481     2.52182   0.0577246
          38     2.14291     2.51184   0.0570603
          39     2.15241     2.50263   0.0563366
          40     2.14171     2.49361    0.055646
          41     2.14564     2.48512   0.0549322
          42     2.12018     2.47643   0.0543072
          43     2.13704     2.46854   0.0536147
          44     2.17699     2.46191    0.052804
          45     2.19271     2.45593   0.0519684
          46     2.19315     2.45022   0.0511517
          47     2.17078     2.44427   0.0504076
          48     2.13663     2.43786   0.0497633
          49     2.11681     2.43131   0.0491771
          50     2.12549     2.42519   0.0485725
          51     2.11014     2.41902   0.0480113
          52     2.09505     2.41279   0.0474905
          53     2.05064     2.40595   0.0470834
          54     2.06991     2.39973    0.046621
          55     2.05735      2.3935    0.046187
          56      2.0375     2.38715   0.0457977
          57     2.04108     2.38108   0.0453949
          58      2.0608     2.37555   0.0449468
          59     2.07084     2.37039   0.0444807
          60     2.08575     2.36565   0.0439916
          61     2.10134     2.36131   0.0434833
          62     2.10255     2.35714   0.0429818
          63     2.07556     2.35267   0.0425313
          64     2.05619     2.34804   0.0421183
          65     2.06525     2.34369   0.0416944
          66     2.10718      2.3401   0.0412163
          67     2.13289     2.33701    0.040717
          68     2.12523      2.3339   0.0402372
          69     2.08436     2.33028   0.0398162
          70     2.06304     2.32646     0.03943
          71     2.06285     2.32275   0.0390491
          72     2.09084     2.31953   0.0386394
          73     2.10305     2.31656   0.0382237
          74     2.14038     2.31418   0.0377812
          75     2.15352     2.31204   0.0373381
          76     2.15533     2.30998   0.0369037
          77     2.16068     2.30804   0.0364754
          78     2.10136     2.30539   0.0361039
          79     2.07626     2.30249   0.0357632
          80     2.04396     2.29926   0.0354618
          81     2.01394     2.29573   0.0351985
          82     2.05478      2.2928   0.0348917
          83     2.06586     2.29006   0.0345783
          84     2.04474     2.28714   0.0342898
          85     2.03847     2.28422   0.0340109
          86      2.0549     2.28155   0.0337198
          87     2.06011       2.279   0.0334282
          88     2.07044     2.27663   0.0331322
          89      2.0656     2.27426   0.0328447
          90     2.04791     2.27175   0.0325759
          91     2.02375     2.26902   0.0323317
          92      2.0208     2.26632   0.0320926
          93     2.03756     2.26386   0.0318417
          94     2.04865     2.26158   0.0315851
          95     2.03871     2.25923   0.0313397
          96     2.05479      2.2571   0.0310855
          97     2.02614     2.25472   0.0308561
          98     2.00973     2.25222   0.0306423
          99     2.03564     2.25003   0.0304108
         100     2.03461     2.24788   0.0301829
         101     2.04578     2.24588   0.0299503
         102     2.09815     2.24443   0.0296917
         103     2.10538     2.24308   0.0294341
         104     2.06581     2.24137   0.0292004
         105     2.03855     2.23944   0.0289861
         106     2.04159     2.23757   0.0287727
         107     2.07965      2.2361   0.0285416
         108     2.07867     2.23464   0.0283145
         109     2.11613     2.23355   0.0280756
         110     2.10508     2.23239   0.0278447
         111     2.09994     2.23119   0.0276194
         112     2.06133     2.22968   0.0274144
         113     2.00581     2.22769   0.0272433
         114     1.97952     2.22552   0.0270911
         115     1.97133     2.22331   0.0269456
         116      1.9738     2.22116    0.026799
         117     1.99967     2.21926   0.0266367
         118     1.97912     2.21723   0.0264886
         119     1.98284     2.21526   0.0263391
         120     1.98394     2.21333   0.0261901
         121     1.97602     2.21137    0.026047
         122     2.00522     2.20968   0.0258882
         123     2.04126     2.20831   0.0257139
         124     2.07328     2.20722   0.0255296
         125     2.07801     2.20619   0.0253463
         126     2.05787     2.20501   0.0251725
         127     2.02508     2.20359   0.0250141
         128     2.03019     2.20224   0.0248553
         129     2.06957     2.20121   0.0246839
         130     2.10172     2.20045   0.0245059
         131     2.08764     2.19958    0.024334
         132     2.04431     2.19841    0.024178
         133     2.02386      2.1971   0.0240318
         134     2.02248     2.19579   0.0238878
         135     2.01954     2.19449   0.0237465
         136     2.05441     2.19346   0.0235942
         137     2.04995     2.19241   0.0234452
         138     2.01845     2.19115   0.0233092
         139     1.99447     2.18973   0.0231844
         140     1.99298     2.18833   0.0230614
         141     2.00875     2.18706    0.022933
         142     2.03875     2.18601   0.0227952
         143     2.04951     2.18506   0.0226558
         144     2.04685      2.1841   0.0225188
         145     2.03901      2.1831   0.0223857
         146     2.03724      2.1821   0.0222547
         147     2.00989     2.18093   0.0221341
         148     1.98545      2.1796   0.0220239
         149     1.95221     2.17808   0.0219289
         150     1.92894     2.17642   0.0218455
         151     1.93029     2.17479   0.0217616
         152     1.96202     2.17339   0.0216634
         153     1.98258     2.17214   0.0215576
         154     1.99527     2.17099   0.0214482
         155     2.01743        2.17   0.0213327
         156     1.95864     2.16865    0.021239
         157     1.93969     2.16719   0.0211537
         158     1.97163     2.16595    0.021056
         159     1.96649      2.1647   0.0209609
         160     1.93109     2.16324   0.0208807
         161     1.93536     2.16182   0.0207989
         162     1.92978     2.16039   0.0207198
         163     1.91519     2.15888   0.0206472
         164     1.90597     2.15734   0.0205788
         165     1.93244     2.15598   0.0204992
         166     1.94072     2.15468   0.0204167
         167     1.95571     2.15349   0.0203291
         168     1.95237     2.15229   0.0202433
         169     1.95807     2.15114   0.0201562
         170     1.97616     2.15012   0.0200639
         171     1.99589     2.14921   0.0199668
         172     2.01607     2.14844   0.0198657
         173     2.05135     2.14788   0.0197588
         174     2.02689     2.14718   0.0196575
         175      1.9957     2.14632   0.0195642
         176     1.95331     2.14522   0.0194837
         177     1.94617      2.1441   0.0194061
         178     1.95061     2.14301   0.0193275
         179     1.95769     2.14197   0.0192472
         180     1.99507     2.14116   0.0191576
         181     1.98033     2.14027   0.0190723
         182     1.98654     2.13942   0.0189862
         183     2.00985     2.13872   0.0188957
         184     2.02167     2.13808   0.0188037
         185     2.03421     2.13752   0.0187104
         186     2.02062     2.13689   0.0186204
         187     2.00075     2.13616   0.0185351
         188     1.99376      2.1354   0.0184519
         189     1.99085     2.13464   0.0183702
         190     1.97665     2.13381   0.0182923
         191     1.94703     2.13283   0.0182226
         192     1.96093     2.13193   0.0181497
         193     1.97985     2.13115   0.0180728
         194     1.94051     2.13016   0.0180063
         195     1.94329     2.12921   0.0179394
         196     1.94557     2.12827   0.0178724
         197     1.96101     2.12742   0.0178018
         198     1.97571     2.12665   0.0177284
         199     2.04055     2.12622   0.0176446
         200     2.06034     2.12589   0.0175594
         201     2.03219     2.12543   0.0174782
         202     2.00442     2.12483    0.017402
         203     1.96486     2.12404   0.0173341
         204      1.9606     2.12324   0.0172676
         205     2.00844     2.12268   0.0171925
         206     2.01083     2.12213   0.0171176
         207      1.9999     2.12154   0.0170451
         208     1.96007     2.12077   0.0169808
         209     1.96669     2.12003   0.0169155
         210     1.95985     2.11927   0.0168522
         211     1.96873     2.11855   0.0167874
         212     1.98431     2.11792   0.0167201
         213     1.98019     2.11727   0.0166541
         214     2.02788     2.11686   0.0165816
         215     2.03294     2.11647    0.016509
         216     2.04291     2.11613   0.0164361
         217     2.03804     2.11577   0.0163643
         218     2.00238     2.11525   0.0162975
         219     2.00537     2.11474   0.0162308
         220     1.95683     2.11403   0.0161729
         221     1.93368     2.11321   0.0161203
         222     1.93147     2.11239   0.0160684
         223     1.94112     2.11162   0.0160147
         224     1.96142     2.11095   0.0159573
         225     1.97311     2.11034   0.0158981
         226     1.96768     2.10971   0.0158403
         227     1.97411     2.10911   0.0157818
         228     1.92203     2.10829   0.0157339
         229     1.90477      2.1074   0.0156902
         230     1.88814     2.10645    0.015651
         231     1.88466     2.10549   0.0156126
         232     1.89998      2.1046   0.0155704
         233     1.91413     2.10379   0.0155251
         234      1.9394     2.10308   0.0154746
         235     1.95351     2.10245   0.0154218
         236      1.9242     2.10169    0.015375
         237     1.91307      2.1009   0.0153307
         238     1.91024     2.10009   0.0152872
         239     1.93902     2.09942   0.0152381
         240     1.92601      2.0987   0.0151917
         241     1.92397     2.09797   0.0151459
         242     1.90964     2.09719   0.0151033
         243     1.91905     2.09646    0.015059
         244     1.91598     2.09572   0.0150154
         245     1.91899       2.095   0.0149714
         246     1.92486     2.09431   0.0149265
         247     1.95915     2.09376   0.0148761
         248     1.92968      2.0931   0.0148309
         249     1.92168     2.09241   0.0147873
         250     1.95081     2.09185    0.014739
         251     1.96129     2.09133   0.0146894
         252      1.9615     2.09081   0.0146402
         253     1.95771     2.09028   0.0145917
         254     1.94182      2.0897    0.014546
         255     1.91008       2.089    0.014506
         256     1.89406     2.08823   0.0144693
         257     1.89812     2.08749   0.0144319
         258     1.94537     2.08694   0.0143865
         259     1.99072     2.08657   0.0143357
         260     2.00154     2.08624   0.0142843
         261     1.98705     2.08586   0.0142346
         262     1.96213     2.08539   0.0141881
         263     1.95354     2.08489   0.0141431
         264     1.95631      2.0844   0.0140979
         265     1.95555     2.08392    0.014053
         266     1.95977     2.08345    0.014008
         267     1.96072     2.08299    0.013963
         268     1.96481     2.08255   0.0139179
         269     1.96757     2.08212   0.0138727
         270     1.95455     2.08165   0.0138294
         271     1.97356     2.08125   0.0137841
         272     1.97485     2.08086    0.013739
         273     1.99371     2.08054   0.0136924
         274     2.01345      2.0803   0.0136446
         275     1.99508     2.07999   0.0135985
         276     1.97282      2.0796   0.0135548
         277     2.01985     2.07938   0.0135075
         278     2.02962      2.0792   0.0134601
         279     2.01277     2.07896    0.013414
         280     1.99257     2.07866   0.0133696
         281     1.95838     2.07823   0.0133289
         282     1.93173     2.07771   0.0132918
         283     1.90787     2.07711   0.0132583
         284     1.92662     2.07658   0.0132222
         285     1.94431     2.07611    0.013184
         286     1.95415     2.07569   0.0131448
         287     1.95118     2.07525   0.0131061
         288     1.96154     2.07486   0.0130666
         289     1.95298     2.07444   0.0130282
         290     1.93745     2.07397   0.0129918
         291     1.94035     2.07351   0.0129553
         292     1.96452     2.07313   0.0129163
         293     1.97061     2.07278   0.0128769
         294     1.98603     2.07249   0.0128365
         295     1.95646     2.07209    0.012799
         296       1.943     2.07166   0.0127632
         297     1.95091     2.07125   0.0127267
         298     1.99302     2.07099   0.0126867
         299     2.01561      2.0708   0.0126456
         300     2.01084      2.0706   0.0126051
         301     2.01227     2.07041   0.0125647
         302     2.00528      2.0702   0.0125249
         303     2.03071     2.07006   0.0124843
         304     2.01931      2.0699   0.0124443
         305     2.02433     2.06975   0.0124044
         306     1.97654     2.06944   0.0123676
         307     1.95315     2.06906   0.0123331
         308     1.97458     2.06876   0.0122969
         309     1.96316     2.06842   0.0122619
         310     1.97058      2.0681   0.0122264
         311     2.00539      2.0679   0.0121887
         312     2.01286     2.06772   0.0121509
         313     2.00927     2.06754   0.0121135
         314     2.04118     2.06745   0.0120752
         315     2.00219     2.06724   0.0120387
         316     1.97524     2.06695   0.0120041
         317     1.96208     2.06662   0.0119708
         318     1.92969     2.06619   0.0119409
         319     1.93563     2.06578   0.0119105
         320     1.97001     2.06548    0.011877
         321     1.99085     2.06525   0.0118423
         322     2.01938     2.06511   0.0118064
         323      1.9855     2.06486   0.0117724
         324     1.96431     2.06455   0.0117401
         325     1.95123      2.0642   0.0117092
         326     1.94455     2.06384    0.011679
         327     1.93929     2.06346   0.0116495
         328     1.93972     2.06308   0.0116201
         329     1.94808     2.06273   0.0115901
         330     1.97398     2.06246   0.0115581
         331     1.97352     2.06219   0.0115263
         332     1.97592     2.06193   0.0114945
         333     1.96061     2.06163    0.011464
         334     1.97335     2.06136   0.0114327
         335     2.00931     2.06121   0.0113996
         336     2.03266     2.06112    0.011366
         337     2.03709     2.06105   0.0113325
         338     2.01732     2.06092   0.0112997
         339      2.0129     2.06078   0.0112673
         340     1.99578     2.06059   0.0112358
         341     2.01394     2.06045   0.0112036
         342     2.01378     2.06032   0.0111717
         343     2.03281     2.06024   0.0111394
         344     2.02665     2.06014   0.0111075
         345     2.02304     2.06003   0.0110758
         346     2.01588      2.0599   0.0110445
         347     2.02147     2.05979   0.0110133
         348     2.01103     2.05965   0.0109825
         349     2.03558     2.05958   0.0109512
         350     2.07969     2.05964   0.0109201
         351     2.11383     2.05979   0.0108901
         352     2.08896     2.05988   0.0108595
         353     2.06618      2.0599   0.0108287
         354     2.05245     2.05987   0.0107981
         355     2.06316     2.05988   0.0107677
         356      2.0423     2.05983   0.0107376
         357     2.03205     2.05976   0.0107078
         358     2.03195     2.05968   0.0106782
         359     2.04777     2.05965   0.0106485
         360     2.02583     2.05955   0.0106193
         361     2.02151     2.05945   0.0105904
         362     1.97945     2.05923   0.0105635
         363     1.96014     2.05895   0.0105379
         364     1.99242     2.05877   0.0105105
         365     1.98099     2.05856   0.0104839
         366     1.99309     2.05838   0.0104568
         367      2.0213     2.05828   0.0104288
         368     2.02142     2.05818   0.0104009
         369     2.01447     2.05806   0.0103734
         370     1.94786     2.05776   0.0103496
         371     1.94485     2.05746   0.0103262
         372     1.93843     2.05714   0.0103034
         373     1.94751     2.05684     0.01028
         374       1.954     2.05657   0.0102562
         375     1.93746     2.05625   0.0102337
         376     1.97314     2.05603   0.0102089
         377     1.98776     2.05585   0.0101834
         378      1.9878     2.05567   0.0101581
         379     1.97482     2.05545   0.0101335
         380     1.96427     2.05521   0.0101097
         381     1.95609     2.05495   0.0100865
         382     1.94979     2.05468   0.0100639
         383     1.95658     2.05442   0.0100408
         384     1.94643     2.05414   0.0100186
         385     1.93407     2.05383  0.00999747
         386     1.93387     2.05352   0.0099764
         387     1.97122     2.05331  0.00995289
         388     1.99426     2.05315   0.0099284
         389     2.01736     2.05306   0.0099033
         390     2.06834      2.0531  0.00987799
         391     2.04595     2.05308  0.00985274
         392     1.98317      2.0529  0.00982922
         393     1.98981     2.05274  0.00980552
         394      1.9896     2.05258  0.00978194
         395     2.02663     2.05252   0.0097574
         396     2.00999     2.05241  0.00973335
         397     1.99476     2.05226  0.00970991
         398     1.98079     2.05209  0.00968718
         399     1.95465     2.05184  0.00966598
         400     1.94887     2.05158  0.00964524
         401     1.94051     2.05131  0.00962516
         402      1.9439     2.05104  0.00960493
         403     1.95656     2.05081  0.00958395
         404     1.98074     2.05063   0.0095618
         405     1.97086     2.05043  0.00954022
         406     1.97044     2.05024  0.00951876
         407     1.99909     2.05011   0.0094962
         408     2.05253     2.05012  0.00947293
         409     2.06304     2.05015  0.00944982
         410     2.04904     2.05015  0.00942677
         411     2.04896     2.05014  0.00940383
         412     2.03271      2.0501   0.0093811
         413     2.02524     2.05004  0.00935858
         414     2.01645     2.04996  0.00933633
         415     2.00607     2.04985  0.00931443
         416     2.00467     2.04975  0.00929267
         417     2.00924     2.04965   0.0092709
         418     1.98964     2.04951  0.00924983
         419     2.02517     2.04945  0.00922793
         420     2.02839      2.0494   0.0092061
         421     2.04814     2.04939  0.00918423
         422     2.01385     2.04931  0.00916286
         423     2.03349     2.04927  0.00914127
         424     2.02328     2.04921  0.00911992
         425     2.01565     2.04913   0.0090988
         426     1.97598     2.04896  0.00907906
         427     1.96093     2.04875  0.00906014
         428     1.97943     2.04859  0.00904042
         429     2.00729      2.0485  0.00901986
         430     2.05191      2.0485  0.00899888
         431     2.06781     2.04855  0.00897812
         432     2.06854     2.04859  0.00895745
         433      2.0742     2.04865  0.00893696
         434     2.04079     2.04864  0.00891639
         435     2.01859     2.04857  0.00889616
         436     2.02636     2.04852   0.0088759
         437     2.03303     2.04848  0.00885566
         438     2.05001     2.04848  0.00883544
         439     2.12598     2.04866  0.00881708
         440     2.11649     2.04881  0.00879839
         441     2.13185       2.049  0.00878045
         442     2.06802     2.04905  0.00876069
         443      2.0445     2.04904  0.00874092
         444     2.00419     2.04893  0.00872182
         445     2.04225     2.04892  0.00870223
         446      2.0884     2.04901  0.00868317
         447     2.03958     2.04899  0.00866377
         448     2.00089     2.04888   0.0086451
         449      1.9719     2.04871  0.00862754
         450     1.96482     2.04852  0.00861038
         451     2.00011     2.04841  0.00859196
         452     2.02187     2.04836  0.00857315
         453     2.05625     2.04837  0.00855425
         454     2.07997     2.04844  0.00853569
         455     2.05603     2.04846  0.00851694
         456     2.03453     2.04843  0.00849832
         457      2.0197     2.04837  0.00847996
         458     2.05726     2.04839  0.00846146
         459     2.06457     2.04842   0.0084431
         460     2.07088     2.04847  0.00842489
         461     2.08601     2.04855  0.00840701
         462     2.07174      2.0486  0.00838896
         463     2.06314     2.04863   0.0083709
         464     2.03023     2.04859  0.00835295
         465     2.01135     2.04851  0.00833538
         466     2.02025     2.04845  0.00831771
         467     2.02577      2.0484  0.00830004
         468     2.03555     2.04838  0.00828235
         469     2.02718     2.04833  0.00826481
         470     2.05261     2.04834  0.00824723
         471     2.05534     2.04835  0.00822974
         472     2.04398     2.04835  0.00821231
         473     2.04912     2.04835  0.00819494
         474     2.04558     2.04834  0.00817766
         475      2.0603     2.04837  0.00816048
         476     2.04099     2.04835  0.00814335
         477     2.06951      2.0484   0.0081264
         478      2.0978      2.0485  0.00811006
         479     2.05251     2.04851  0.00809313
         480     2.03371     2.04848  0.00807633
         481     1.98876     2.04835  0.00806049
         482     1.98819     2.04823  0.00804473
         483     2.00976     2.04815  0.00802847
         484     2.03529     2.04812  0.00801193
         485     2.06296     2.04815  0.00799547
         486      2.0516     2.04816  0.00797902
         487     2.03411     2.04813  0.00796269
         488     2.00758     2.04805   0.0079468
         489     2.00812     2.04797  0.00793097
         490     2.01912     2.04791  0.00791501
         491     2.02888     2.04787  0.00789898
         492     2.06149      2.0479  0.00788297
         493     2.08383     2.04797  0.00786732
         494     2.06753     2.04801   0.0078515
         495     2.05448     2.04802  0.00783564
         496     2.01894     2.04796  0.00782007
         497     1.99507     2.04786  0.00780506
         498     1.97804     2.04772  0.00779064
         499     1.96945     2.04756  0.00777661
         500     1.99339     2.04745  0.00776181
