#     BLOCK:   ACTUAL_TE:    TE_AVE:      ERROR:
           1     1.58768     1.58768           0
           2     1.59236     1.59002  0.00165611
           3     1.58944     1.58983  0.00111523
           4     1.59322     1.59068  0.00111292
           5     1.59412     1.59136  0.00108259
           6     1.59301     1.59164 0.000936158
           7     1.59337     1.59188 0.000834381
           8     1.59418     1.59217 0.000777907
           9     1.59297     1.59226 0.000696487
          10     1.59314     1.59235 0.000632315
          11      1.5915     1.59227 0.000579551
          12     1.59331     1.59236 0.000537646
          13     1.59428     1.59251 0.000516297
          14     1.59523      1.5927 0.000514769
          15     1.59618     1.59293 0.000530214
          16     1.59456     1.59303  0.00050676
          17     1.59544     1.59318 0.000496326
          18     1.59502     1.59328 0.000479169
          19     1.59568      1.5934 0.000470382
          20     1.59539      1.5935 0.000457209
          21     1.59616     1.59363 0.000452666
          22     1.59553     1.59372 0.000440287
          23     1.59584     1.59381 0.000430676
          24     1.59623     1.59391 0.000424385
          25     1.59562     1.59398 0.000412863
          26     1.59619     1.59406 0.000405665
          27     1.59638     1.59415 0.000399619
          28     1.59551      1.5942 0.000388298
          29     1.59596     1.59426 0.000379643
          30     1.59601     1.59432 0.000371437
          31     1.59638     1.59438 0.000365344
          32     1.59633     1.59444 0.000358952
          33     1.59614      1.5945 0.000351719
          34      1.5971     1.59457  0.00034961
          35     1.59658     1.59463 0.000344281
          36     1.59601     1.59467 0.000336836
          37     1.59636     1.59471 0.000330809
          38     1.59613     1.59475  0.00032419
          39      1.5967      1.5948 0.000319695
          40     1.59624     1.59484 0.000313722
          41     1.59668     1.59488 0.000309261
          42     1.59625     1.59491 0.000303611
          43     1.59602     1.59494  0.00029763
          44     1.59635     1.59497   0.0002926
          45     1.59596     1.59499 0.000286926
          46     1.59677     1.59503 0.000283266
          47     1.59641     1.59506 0.000278761
          48     1.59619     1.59508  0.00027394
          49     1.59652     1.59511 0.000269907
          50      1.5967     1.59515 0.000266356
          51     1.59632     1.59517 0.000262124
          52     1.59637     1.59519 0.000258104
          53     1.59655     1.59522 0.000254511
          54     1.59644     1.59524 0.000250799
          55     1.59644     1.59526 0.000247189
          56     1.59652     1.59528 0.000243797
          57      1.5965     1.59531 0.000240451
          58     1.59643     1.59533 0.000237083
          59     1.59586     1.59533 0.000233239
          60      1.5964     1.59535 0.000230021
          61     1.59626     1.59537 0.000226735
          62     1.59694     1.59539 0.000224498
          63     1.59656     1.59541 0.000221699
          64     1.59639     1.59543 0.000218767
          65     1.59599     1.59543 0.000215572
          66     1.59592     1.59544 0.000212432
          67     1.59686     1.59546 0.000210309
          68     1.59653     1.59548 0.000207804
          69     1.59626     1.59549 0.000205101
          70     1.59655     1.59551 0.000202729
          71     1.59658     1.59552 0.000200438
          72     1.59594     1.59553 0.000197739
          73     1.59577     1.59553 0.000195059
          74      1.5961     1.59554 0.000192576
          75     1.59638     1.59555 0.000190336
          76     1.59622     1.59556 0.000188034
          77     1.59647     1.59557 0.000185969
          78      1.5963     1.59558 0.000183823
          79     1.59701      1.5956 0.000182385
          80     1.59646     1.59561 0.000180421
          81     1.59561     1.59561 0.000178194
          82     1.59621     1.59561  0.00017617
          83      1.5966     1.59563 0.000174445
          84      1.5964     1.59564  0.00017261
          85     1.59586     1.59564 0.000170599
          86     1.59604     1.59564  0.00016868
          87     1.59652     1.59565 0.000167039
          88     1.59642     1.59566 0.000165369
          89     1.59624     1.59567  0.00016364
          90     1.59657     1.59568 0.000162125
          91      1.5968     1.59569 0.000160808
          92     1.59614      1.5957 0.000159135
          93     1.59587      1.5957 0.000157434
          94     1.59634      1.5957 0.000155907
          95     1.59614     1.59571 0.000154333
          96     1.59617     1.59571   0.0001528
          97     1.59678     1.59572  0.00015162
          98     1.59621     1.59573 0.000150153
          99     1.59603     1.59573 0.000148667
         100     1.59629     1.59574 0.000147286
         101     1.59636     1.59574 0.000145955
         102     1.59522     1.59574 0.000144616
         103     1.59622     1.59574 0.000143289
         104     1.59692     1.59576 0.000142355
         105     1.59653     1.59576 0.000141189
         106       1.596     1.59576 0.000139874
         107     1.59603     1.59577 0.000138589
         108     1.59595     1.59577 0.000137316
         109     1.59597     1.59577 0.000136068
         110     1.59642     1.59578  0.00013496
         111     1.59639     1.59578 0.000133859
         112      1.5967     1.59579 0.000132914
         113     1.59697      1.5958 0.000132147
         114     1.59675     1.59581 0.000131249
         115     1.59629     1.59581 0.000130174
         116     1.59582     1.59581 0.000129052
         117      1.5963     1.59582 0.000128015
         118     1.59649     1.59582 0.000127055
         119     1.59648     1.59583 0.000126108
         120     1.59677     1.59584 0.000125301
         121     1.59601     1.59584 0.000124274
         122     1.59627     1.59584 0.000123305
         123     1.59619     1.59584 0.000122335
         124     1.59595     1.59585 0.000121351
         125     1.59737     1.59586 0.000120989
         126     1.59638     1.59586 0.000120101
         127     1.59643     1.59587 0.000119238
         128     1.59638     1.59587 0.000118375
         129     1.59593     1.59587 0.000117458
         130     1.59633     1.59587 0.000116607
         131     1.59677     1.59588 0.000115916
         132     1.59688     1.59589 0.000115283
         133     1.59675      1.5959 0.000114598
         134     1.59674      1.5959 0.000113916
         135     1.59565      1.5959 0.000113087
         136     1.59613      1.5959 0.000112269
         137     1.59638      1.5959 0.000111503
         138     1.59667     1.59591 0.000110834
         139     1.59663     1.59592 0.000110157
         140     1.59657     1.59592  0.00010947
         141     1.59611     1.59592 0.000108701
         142      1.5967     1.59593 0.000108074
         143     1.59672     1.59593  0.00010746
         144     1.59626     1.59593 0.000106738
         145     1.59688     1.59594 0.000106201
         146     1.59631     1.59594 0.000105504
         147     1.59682     1.59595 0.000104956
         148     1.59703     1.59596 0.000104501
         149     1.59645     1.59596 0.000103852
         150     1.59664     1.59596 0.000103258
         151     1.59634     1.59597 0.000102603
         152     1.59655     1.59597 0.000101999
         153     1.59582     1.59597 0.000101338
         154     1.59623     1.59597 0.000100694
         155     1.59707     1.59598 0.000100292
         156     1.59665     1.59598 9.97413e-05
         157      1.5965     1.59599 9.91596e-05
         158      1.5966     1.59599 9.86083e-05
         159     1.59655     1.59599 9.80507e-05
         160      1.5968       1.596 9.75664e-05
         161     1.59648       1.596 9.70054e-05
         162     1.59707     1.59601 9.66294e-05
         163     1.59642     1.59601 9.60689e-05
         164     1.59626     1.59601 9.54955e-05
         165     1.59621     1.59601 9.49239e-05
         166     1.59672     1.59602 9.44477e-05
         167     1.59633     1.59602    9.39e-05
         168      1.5961     1.59602 9.33424e-05
         169     1.59654     1.59602 9.28407e-05
         170     1.59623     1.59602 9.23028e-05
         171     1.59639     1.59603 9.17878e-05
         172     1.59634     1.59603 9.12724e-05
         173     1.59646     1.59603 9.07783e-05
         174     1.59682     1.59604 9.03708e-05
         175     1.59721     1.59604 9.01028e-05
         176     1.59676     1.59605 8.96844e-05
         177     1.59658     1.59605 8.92288e-05
         178     1.59613     1.59605 8.87287e-05
         179     1.59631     1.59605 8.82452e-05
         180     1.59703     1.59606 8.79222e-05
         181     1.59613     1.59606 8.74372e-05
         182     1.59617     1.59606 8.69588e-05
         183     1.59624     1.59606 8.64896e-05
         184      1.5964     1.59606 8.60397e-05
         185     1.59644     1.59606 8.55994e-05
         186     1.59738     1.59607 8.54338e-05
         187     1.59615     1.59607 8.49781e-05
         188     1.59696     1.59607 8.46576e-05
         189     1.59647     1.59608 8.42351e-05
         190     1.59709     1.59608 8.39597e-05
         191     1.59649     1.59608 8.35473e-05
         192      1.5965     1.59609 8.31398e-05
         193     1.59677     1.59609 8.27833e-05
         194     1.59663     1.59609 8.24026e-05
         195     1.59655      1.5961 8.20129e-05
         196     1.59624      1.5961  8.1598e-05
         197     1.59673      1.5961  8.1247e-05
         198     1.59556      1.5961 8.08817e-05
         199      1.5964      1.5961 8.04892e-05
         200     1.59616      1.5961 8.00875e-05
         201     1.59659      1.5961 7.97263e-05
         202     1.59692      1.5961 7.94335e-05
         203     1.59685     1.59611 7.91265e-05
         204     1.59614     1.59611 7.87388e-05
         205     1.59648     1.59611 7.83755e-05
         206     1.59624     1.59611 7.79977e-05
         207       1.597     1.59612 7.77399e-05
         208     1.59647     1.59612 7.73847e-05
         209     1.59664     1.59612 7.70542e-05
         210     1.59624     1.59612 7.66895e-05
         211     1.59648     1.59612 7.63447e-05
         212     1.59605     1.59612 7.59854e-05
         213      1.5963     1.59612 7.56333e-05
         214     1.59605     1.59612 7.52806e-05
         215     1.59633     1.59612 7.49364e-05
         216     1.59662     1.59613 7.46251e-05
         217     1.59604     1.59612 7.42823e-05
         218     1.59691     1.59613 7.40292e-05
         219     1.59688     1.59613 7.37708e-05
         220     1.59673     1.59613 7.34862e-05
         221     1.59678     1.59614 7.32117e-05
         222      1.5966     1.59614 7.29115e-05
         223     1.59625     1.59614 7.25862e-05
         224     1.59681     1.59614 7.23231e-05
         225      1.5958     1.59614 7.20178e-05
         226     1.59748     1.59615 7.19426e-05
         227     1.59672     1.59615 7.16703e-05
         228     1.59666     1.59615 7.13903e-05
         229     1.59696     1.59616 7.11653e-05
         230     1.59631     1.59616 7.08591e-05
         231     1.59695     1.59616 7.06346e-05
         232     1.59631     1.59616 7.03332e-05
         233      1.5965     1.59616 7.00463e-05
         234     1.59619     1.59616  6.9747e-05
         235     1.59695     1.59617 6.95302e-05
         236     1.59709     1.59617  6.9345e-05
         237     1.59662     1.59617  6.9078e-05
         238     1.59626     1.59617 6.87887e-05
         239      1.5963     1.59617  6.8503e-05
         240     1.59668     1.59617 6.82502e-05
         241     1.59711     1.59618 6.80765e-05
         242     1.59597     1.59618 6.78005e-05
         243     1.59671     1.59618 6.75576e-05
         244     1.59688     1.59618  6.7341e-05
         245     1.59628     1.59618 6.70674e-05
         246     1.59632     1.59618  6.6797e-05
         247     1.59637     1.59618 6.65306e-05
         248     1.59707     1.59619 6.63592e-05
         249     1.59623     1.59619 6.60929e-05
         250     1.59639     1.59619 6.58333e-05
         251     1.59639     1.59619 6.55761e-05
         252     1.59696     1.59619 6.53864e-05
         253     1.59625     1.59619 6.51283e-05
         254     1.59654     1.59619 6.48864e-05
         255      1.5968      1.5962 6.46755e-05
         256     1.59664      1.5962 6.44457e-05
         257     1.59626      1.5962 6.41955e-05
         258     1.59592      1.5962 6.39558e-05
         259     1.59597      1.5962  6.3715e-05
         260     1.59656      1.5962 6.34856e-05
         261     1.59677      1.5962 6.32798e-05
         262     1.59637      1.5962 6.30417e-05
         263      1.5964      1.5962 6.28064e-05
         264     1.59652      1.5962 6.25802e-05
         265     1.59663      1.5962 6.23652e-05
         266      1.5964      1.5962 6.21351e-05
         267      1.5962      1.5962 6.19024e-05
         268     1.59669     1.59621 6.16982e-05
         269     1.59632     1.59621 6.14704e-05
         270     1.59663     1.59621 6.12625e-05
         271      1.5967     1.59621 6.10631e-05
         272     1.59593     1.59621 6.08476e-05
         273     1.59611     1.59621 6.06257e-05
         274     1.59652     1.59621  6.0415e-05
         275      1.5963     1.59621 6.01963e-05
         276     1.59657     1.59621 5.99923e-05
         277     1.59579     1.59621 5.97947e-05
         278     1.59626     1.59621 5.95799e-05
         279     1.59723     1.59621 5.94782e-05
         280     1.59663     1.59622 5.92841e-05
         281     1.59662     1.59622 5.90905e-05
         282     1.59673     1.59622 5.89092e-05
         283     1.59642     1.59622 5.87053e-05
         284     1.59693     1.59622  5.8552e-05
         285      1.5959     1.59622 5.83577e-05
         286     1.59623     1.59622 5.81537e-05
         287     1.59667     1.59622 5.79719e-05
         288     1.59668     1.59622  5.7792e-05
         289     1.59639     1.59622  5.7595e-05
         290     1.59692     1.59623 5.74469e-05
         291     1.59624     1.59623 5.72496e-05
         292     1.59629     1.59623 5.70539e-05
         293     1.59641     1.59623 5.68625e-05
         294     1.59645     1.59623 5.66739e-05
         295     1.59675     1.59623 5.65096e-05
         296     1.59668     1.59623 5.63392e-05
         297     1.59633     1.59623 5.61506e-05
         298     1.59579     1.59623 5.59815e-05
         299     1.59636     1.59623 5.57959e-05
         300     1.59637     1.59623 5.56119e-05
         301     1.59656     1.59623 5.54379e-05
         302      1.5962     1.59623 5.52545e-05
         303     1.59635     1.59623 5.50736e-05
         304     1.59652     1.59623 5.49003e-05
         305     1.59705     1.59624 5.47849e-05
         306     1.59694     1.59624 5.46536e-05
         307     1.59657     1.59624 5.44862e-05
         308     1.59655     1.59624 5.43188e-05
         309     1.59679     1.59624 5.41719e-05
         310     1.59613     1.59624 5.39984e-05
         311      1.5965     1.59624 5.38312e-05
         312     1.59634     1.59624 5.36595e-05
         313      1.5961     1.59624 5.34901e-05
         314     1.59718     1.59625 5.34031e-05
         315     1.59664     1.59625 5.32482e-05
         316     1.59666     1.59625 5.30955e-05
         317     1.59705     1.59625 5.29883e-05
         318     1.59694     1.59625 5.28659e-05
         319     1.59602     1.59625 5.27051e-05
         320     1.59608     1.59625 5.25431e-05
         321     1.59606     1.59625  5.2383e-05
         322      1.5969     1.59625 5.22592e-05
         323     1.59683     1.59626 5.21275e-05
         324     1.59671     1.59626 5.19854e-05
         325     1.59679     1.59626 5.18517e-05
         326      1.5974     1.59626 5.18117e-05
         327     1.59536     1.59626  5.1726e-05
         328     1.59663     1.59626 5.15807e-05
         329     1.59599     1.59626 5.14304e-05
         330     1.59636     1.59626 5.12754e-05
         331     1.59654     1.59626 5.11275e-05
         332     1.59677     1.59626 5.09963e-05
         333     1.59669     1.59626 5.08592e-05
         334      1.5954     1.59626  5.0772e-05
         335     1.59587     1.59626 5.06337e-05
         336     1.59655     1.59626 5.04904e-05
         337     1.59645     1.59626 5.03436e-05
         338     1.59668     1.59626 5.02097e-05
         339     1.59655     1.59626 5.00689e-05
         340     1.59651     1.59626 4.99268e-05
         341     1.59663     1.59627 4.97916e-05
         342     1.59607     1.59626 4.96494e-05
         343     1.59638     1.59626 4.95059e-05
         344     1.59648     1.59627  4.9366e-05
         345     1.59642     1.59627  4.9225e-05
         346     1.59685     1.59627 4.91118e-05
         347     1.59599     1.59627  4.8977e-05
         348     1.59635     1.59627 4.88368e-05
         349     1.59599     1.59627 4.87032e-05
         350     1.59623     1.59627 4.85641e-05
         351     1.59683     1.59627 4.84527e-05
         352     1.59643     1.59627 4.83172e-05
         353     1.59695     1.59627 4.82193e-05
         354     1.59639     1.59627 4.80844e-05
         355      1.5968     1.59627 4.79719e-05
         356     1.59656     1.59627  4.7844e-05
         357     1.59658     1.59627 4.77176e-05
         358     1.59638     1.59627 4.75852e-05
         359     1.59648     1.59627  4.7456e-05
         360     1.59655     1.59628 4.73301e-05
         361      1.5969     1.59628 4.72304e-05
         362     1.59675     1.59628 4.71177e-05
         363      1.5963     1.59628  4.6988e-05
         364      1.5962     1.59628 4.68594e-05
         365     1.59638     1.59628 4.67318e-05
         366     1.59633     1.59628 4.66044e-05
         367     1.59621     1.59628 4.64778e-05
         368     1.59688     1.59628   4.638e-05
         369     1.59637     1.59628  4.6255e-05
         370     1.59636     1.59628 4.61305e-05
         371     1.59681     1.59628 4.60284e-05
         372     1.59583     1.59628 4.59205e-05
         373     1.59648     1.59628 4.58005e-05
         374     1.59667     1.59628 4.56899e-05
         375     1.59622     1.59628 4.55683e-05
         376     1.59603     1.59628 4.54522e-05
         377     1.59647     1.59628 4.53344e-05
         378     1.59678     1.59628 4.52334e-05
         379     1.59635     1.59628 4.51144e-05
         380     1.59671     1.59628 4.50094e-05
         381     1.59656     1.59629  4.4897e-05
         382     1.59638     1.59629 4.47801e-05
         383     1.59704     1.59629 4.47066e-05
         384     1.59646     1.59629 4.45925e-05
         385     1.59665     1.59629 4.44863e-05
         386     1.59646     1.59629 4.43732e-05
         387     1.59669     1.59629 4.42703e-05
         388     1.59603     1.59629 4.41615e-05
         389     1.59616     1.59629 4.40493e-05
         390     1.59656     1.59629 4.39416e-05
         391     1.59704     1.59629 4.38715e-05
         392     1.59735     1.59629 4.38421e-05
         393      1.5962     1.59629 4.37312e-05
         394     1.59637     1.59629 4.36206e-05
         395     1.59642     1.59629 4.35113e-05
         396      1.5966      1.5963  4.3408e-05
         397     1.59672      1.5963 4.33116e-05
         398     1.59668      1.5963 4.32136e-05
         399     1.59703      1.5963 4.31447e-05
         400       1.596      1.5963 4.30435e-05
         401     1.59593      1.5963 4.29458e-05
         402     1.59639      1.5963 4.28396e-05
         403     1.59571      1.5963 4.27585e-05
         404      1.5968      1.5963 4.26709e-05
         405     1.59642      1.5963 4.25666e-05
         406     1.59633      1.5963 4.24618e-05
         407     1.59586      1.5963  4.2371e-05
         408     1.59593      1.5963 4.22765e-05
         409     1.59619      1.5963 4.21739e-05
         410     1.59667      1.5963 4.20812e-05
         411     1.59664      1.5963  4.1987e-05
         412     1.59674      1.5963 4.18985e-05
         413     1.59653      1.5963 4.18008e-05
         414     1.59701      1.5963 4.17354e-05
         415     1.59667      1.5963 4.16444e-05
         416     1.59665      1.5963 4.15527e-05
         417     1.59644      1.5963 4.14544e-05
         418     1.59692      1.5963 4.13812e-05
         419     1.59579      1.5963 4.13008e-05
         420     1.59661      1.5963 4.12088e-05
         421     1.59666     1.59631 4.11194e-05
         422     1.59671     1.59631 4.10331e-05
         423     1.59627     1.59631 4.09362e-05
         424      1.5964     1.59631 4.08402e-05
         425     1.59689     1.59631 4.07672e-05
         426      1.5972     1.59631 4.07257e-05
         427     1.59599     1.59631 4.06371e-05
         428      1.5961     1.59631 4.05451e-05
         429     1.59639     1.59631 4.04511e-05
         430     1.59558     1.59631 4.03925e-05
         431     1.59644     1.59631 4.02999e-05
         432     1.59632     1.59631 4.02066e-05
         433     1.59637     1.59631  4.0114e-05
         434     1.59657     1.59631 4.00263e-05
         435     1.59713     1.59631 3.99792e-05
         436     1.59614     1.59631 3.98894e-05
         437     1.59605     1.59631 3.98026e-05
         438      1.5963     1.59631 3.97118e-05
         439     1.59558     1.59631 3.96561e-05
         440      1.5965     1.59631 3.95685e-05
         441     1.59663     1.59631 3.94853e-05
         442     1.59722     1.59631 3.94501e-05
         443     1.59662     1.59631 3.93672e-05
         444     1.59639     1.59631  3.9279e-05
         445     1.59601     1.59631 3.91965e-05
         446     1.59623     1.59631  3.9109e-05
         447     1.59691     1.59631 3.90447e-05
         448     1.59702     1.59631 3.89892e-05
         449     1.59651     1.59631 3.89048e-05
         450     1.59651     1.59631 3.88208e-05
         451     1.59597     1.59631 3.87424e-05
         452     1.59593     1.59631 3.86658e-05
         453      1.5963     1.59631 3.85805e-05
         454     1.59658     1.59631 3.85001e-05
         455     1.59694     1.59631 3.84401e-05
         456     1.59642     1.59631 3.83564e-05
         457      1.5967     1.59632 3.82816e-05
         458     1.59594     1.59631  3.8207e-05
         459     1.59608     1.59631  3.8127e-05
         460     1.59647     1.59631 3.80456e-05
         461     1.59669     1.59632 3.79719e-05
         462     1.59633     1.59632 3.78897e-05
         463     1.59662     1.59632 3.78135e-05
         464      1.5966     1.59632  3.7737e-05
         465     1.59654     1.59632  3.7659e-05
         466     1.59625     1.59632 3.75784e-05
         467     1.59588     1.59632 3.75098e-05
         468      1.5964     1.59632 3.74301e-05
         469     1.59636     1.59632 3.73504e-05
         470     1.59664     1.59632 3.72774e-05
         471     1.59606     1.59632 3.72023e-05
         472     1.59641     1.59632  3.7124e-05
         473     1.59631     1.59632 3.70455e-05
         474     1.59642     1.59632  3.6968e-05
         475     1.59627     1.59632 3.68903e-05
         476     1.59612     1.59632 3.68152e-05
         477     1.59623     1.59632 3.67385e-05
         478     1.59613     1.59632 3.66636e-05
         479     1.59643     1.59632 3.65878e-05
         480     1.59701     1.59632 3.65401e-05
         481     1.59672     1.59632 3.64736e-05
         482     1.59611     1.59632 3.64006e-05
         483     1.59633     1.59632 3.63252e-05
         484     1.59604     1.59632 3.62545e-05
         485     1.59612     1.59632 3.61822e-05
         486     1.59661     1.59632 3.61129e-05
         487      1.5967     1.59632 3.60472e-05
         488     1.59688     1.59632 3.59914e-05
         489     1.59591     1.59632 3.59274e-05
         490     1.59647     1.59632 3.58555e-05
         491     1.59623     1.59632 3.57829e-05
         492     1.59643     1.59632 3.57109e-05
         493     1.59623     1.59632 3.56388e-05
         494     1.59664     1.59632 3.55726e-05
         495     1.59744     1.59632 3.55726e-05
         496     1.59667     1.59632 3.55077e-05
         497     1.59667     1.59632 3.54431e-05
         498     1.59675     1.59632 3.53823e-05
         499     1.59614     1.59632 3.53132e-05
         500     1.59674     1.59632 3.52526e-05
