# SA_step Temperature Energy Energy_error
0 1 29.7798 0.315024
1 0.995 23.4805 0.171862
2 0.990025 23.4805 0.171862
3 0.985075 23.4805 0.171862
4 0.98015 23.7444 0.22687
5 0.975249 23.7444 0.22687
6 0.970373 23.1015 0.210931
7 0.965521 23.6569 0.199505
8 0.960693 22.6106 0.332412
9 0.95589 23.8146 0.226112
10 0.95111 23.8146 0.226112
11 0.946355 27.3184 0.357405
12 0.941623 27.4779 0.25167
13 0.936915 27.4779 0.25167
14 0.93223 27.4779 0.25167
15 0.927569 27.4779 0.25167
16 0.922931 27.4779 0.25167
17 0.918316 27.4779 0.25167
18 0.913725 24.7142 0.30915
19 0.909156 22.1269 0.233119
20 0.90461 23.4365 0.154756
21 0.900087 21.0443 0.278125
22 0.895587 21.0443 0.278125
23 0.891109 21.0126 0.20863
24 0.886654 17.8118 0.172649
25 0.88222 17.8118 0.172649
26 0.877809 16.0347 0.177504
27 0.87342 14.9156 0.230359
28 0.869053 12.8276 0.131511
29 0.864708 12.8276 0.131511
30 0.860384 13.7258 0.177814
31 0.856082 13.7258 0.177814
32 0.851802 13.7258 0.177814
33 0.847543 13.2672 0.146333
34 0.843305 13.6789 0.156313
35 0.839089 11.3363 0.138952
36 0.834893 10.8306 0.116062
37 0.830719 10.163 0.100683
38 0.826565 8.7787 0.086918
39 0.822432 8.7787 0.086918
40 0.81832 9.24166 0.143097
41 0.814229 9.24425 0.0985853
42 0.810157 9.24425 0.0985853
43 0.806107 9.24425 0.0985853
44 0.802076 9.24425 0.0985853
45 0.798066 9.24425 0.0985853
46 0.794075 9.24425 0.0985853
47 0.790105 7.86433 0.0780275
48 0.786154 7.22253 0.10499
49 0.782224 5.739 0.0686542
50 0.778313 5.739 0.0686542
51 0.774421 5.00226 0.0743695
52 0.770549 3.80453 0.0549884
53 0.766696 3.80453 0.0549884
54 0.762863 3.63789 0.0597076
55 0.759048 3.63789 0.0597076
56 0.755253 2.6519 0.0489134
57 0.751477 2.6519 0.0489134
58 0.747719 2.2648 0.0609707
59 0.743981 2.2648 0.0609707
60 0.740261 2.45834 0.0316709
61 0.73656 2.60644 0.0511557
62 0.732877 2.60644 0.0511557
63 0.729212 2.54433 0.0361124
64 0.725566 2.79713 0.0390508
65 0.721939 2.38538 0.0390279
66 0.718329 2.38538 0.0390279
67 0.714737 1.63765 0.0334637
68 0.711164 0.880225 0.0222424
69 0.707608 0.581061 0.0291805
70 0.70407 0.6987 0.0301744
71 0.700549 1.02525 0.029866
72 0.697047 1.43323 0.0345086
73 0.693561 1.43323 0.0345086
74 0.690094 1.36227 0.0357668
75 0.686643 1.21815 0.0368533
76 0.68321 1.21815 0.0368533
77 0.679794 1.21815 0.0368533
78 0.676395 1.63895 0.0303879
79 0.673013 1.91328 0.0405916
80 0.669648 2.29068 0.0346789
81 0.6663 3.15567 0.0359629
82 0.662968 1.97505 0.0390205
83 0.659653 1.49195 0.0347246
84 0.656355 1.49195 0.0347246
85 0.653073 0.948725 0.0231919
86 0.649808 0.650788 0.0202365
87 0.646559 0.373622 0.0147201
88 0.643326 0.373622 0.0147201
89 0.640109 0.373622 0.0147201
90 0.636909 0.373622 0.0147201
91 0.633724 0.786698 0.0237751
92 0.630556 1.00694 0.0185203
93 0.627403 1.11666 0.0269022
94 0.624266 1.01522 0.0204713
95 0.621145 1.10339 0.0238011
96 0.618039 1.10339 0.0238011
97 0.614949 1.10339 0.0238011
98 0.611874 1.10339 0.0238011
99 0.608815 1.10048 0.0241334
100 0.60577 0.682149 0.019153
101 0.602742 0.155555 0.00806889
102 0.599728 0.163822 0.0140091
103 0.596729 0.373296 0.0159948
104 0.593746 0.482876 0.0149538
105 0.590777 0.300333 0.0130171
106 0.587823 0.55014 0.0148498
107 0.584884 0.660766 0.0134729
108 0.581959 0.300702 0.0123064
109 0.57905 0.300702 0.0123064
110 0.576154 0.178017 0.0123656
111 0.573274 0.234945 0.011562
112 0.570407 0.358885 0.0119678
113 0.567555 0.0912016 0.00806021
114 0.564717 0.354366 0.01419
115 0.561894 0.354366 0.01419
116 0.559084 0.354366 0.01419
117 0.556289 0.628136 0.0142429
118 0.553508 0.288745 0.0115084
119 0.55074 0.288745 0.0115084
120 0.547986 -0.118336 0.00672696
121 0.545246 -0.261549 0.00514707
122 0.54252 -0.117921 0.00846083
123 0.539808 -0.0343201 0.00566951
124 0.537108 -0.263449 0.00357116
125 0.534423 -0.38286 0.00213271
126 0.531751 -0.390279 0.00192607
127 0.529092 -0.442364 0.00108159
128 0.526447 -0.421866 0.00150186
129 0.523814 -0.41635 0.00148359
130 0.521195 -0.349486 0.00258847
131 0.518589 -0.430728 0.00119727
132 0.515996 -0.430728 0.00119727
133 0.513416 -0.309998 0.00325752
134 0.510849 -0.309998 0.00325752
135 0.508295 -0.32656 0.00362323
136 0.505754 -0.33608 0.0037336
137 0.503225 -0.424945 0.0014452
138 0.500709 -0.368493 0.00233169
139 0.498205 -0.35102 0.00219311
140 0.495714 -0.336284 0.0029506
141 0.493236 -0.292658 0.00305991
142 0.490769 -0.308586 0.0029193
143 0.488316 -0.297521 0.00236394
144 0.485874 -0.270904 0.00162408
145 0.483445 -0.304449 0.00165761
146 0.481027 -0.319834 0.0018239
147 0.478622 -0.346718 0.00136599
148 0.476229 -0.361957 0.00142665
149 0.473848 -0.291909 0.00166105
150 0.471479 -0.291909 0.00166105
151 0.469121 -0.283379 0.00179043
152 0.466776 -0.354932 0.00136562
153 0.464442 -0.41942 0.00137836
154 0.46212 -0.242601 0.00317236
155 0.459809 -0.385604 0.00137326
156 0.45751 -0.31757 0.00134116
157 0.455222 -0.268363 0.0021374
158 0.452946 0.0489797 0.00371293
159 0.450682 -0.0945199 0.00305588
160 0.448428 0.0659278 0.00253567
161 0.446186 -0.0584966 0.00198146
162 0.443955 -0.274586 0.00177643
163 0.441735 -0.304613 0.00162077
164 0.439527 -0.289691 0.00130184
165 0.437329 -0.355084 0.00137228
166 0.435142 -0.416013 0.000961413
167 0.432967 -0.353751 0.00130991
168 0.430802 -0.376045 0.00118263
169 0.428648 -0.365671 0.00115312
170 0.426505 -0.317833 0.0011688
171 0.424372 -0.158211 0.00210678
172 0.42225 -0.0939244 0.00282277
173 0.420139 -0.0883707 0.00206158
174 0.418038 -0.197109 0.00171787
175 0.415948 -0.342509 0.00152915
176 0.413868 -0.344446 0.00152419
177 0.411799 -0.255294 0.00309586
178 0.40974 -0.255294 0.00309586
179 0.407691 -0.293946 0.00262064
180 0.405653 -0.293946 0.00262064
181 0.403625 -0.339895 0.00203871
182 0.401606 -0.0194463 0.00547401
183 0.399598 -0.0194463 0.00547401
184 0.3976 -0.158551 0.00230071
185 0.395612 0.21934 0.00518142
186 0.393634 0.207564 0.00513228
187 0.391666 0.207564 0.00513228
188 0.389708 -0.215442 0.00317016
189 0.387759 -0.219315 0.00189228
190 0.385821 -0.295994 0.00225234
191 0.383891 -0.378272 0.00140571
192 0.381972 -0.271876 0.00222696
193 0.380062 -0.271047 0.00200152
194 0.378162 -0.282517 0.00205721
195 0.376271 -0.391384 0.00187035
196 0.37439 -0.352817 0.00237553
197 0.372518 -0.352309 0.00238267
198 0.370655 -0.169493 0.00434981
199 0.368802 -0.384891 0.00139425
200 0.366958 -0.190036 0.00183495
201 0.365123 -0.190036 0.00183495
202 0.363297 -0.35665 0.00151338
203 0.361481 -0.35665 0.00151338
204 0.359674 -0.357026 0.00150275
205 0.357875 -0.35299 0.00157311
206 0.356086 -0.348352 0.00159274
207 0.354305 -0.408173 0.00148207
208 0.352534 -0.399309 0.00130637
209 0.350771 -0.385989 0.00113126
210 0.349017 -0.385989 0.00113126
211 0.347272 -0.385989 0.00113126
212 0.345536 -0.380763 0.00136154
213 0.343808 -0.422667 0.00110016
214 0.342089 -0.374212 0.0018297
215 0.340379 -0.301773 0.00131855
216 0.338677 -0.356139 0.00166816
217 0.336983 -0.356139 0.00166816
218 0.335298 -0.356139 0.00166816
219 0.333622 -0.258956 0.0033427
220 0.331954 -0.258956 0.0033427
221 0.330294 0.0835231 0.00440424
222 0.328643 0.0835231 0.00440424
223 0.326999 0.0835231 0.00440424
224 0.325364 0.085695 0.00440141
225 0.323738 -0.00873796 0.00329616
226 0.322119 -0.00873796 0.00329616
227 0.320508 0.0742818 0.00285598
228 0.318906 -0.189675 0.00181992
229 0.317311 -0.309308 0.00183261
230 0.315725 -0.394344 0.000923409
231 0.314146 -0.393585 0.00130093
232 0.312575 -0.327493 0.00205074
233 0.311012 -0.400129 0.0010893
234 0.309457 -0.387777 0.00111035
235 0.30791 -0.377461 0.00125375
236 0.306371 -0.4071 0.000892594
237 0.304839 -0.418624 0.000874959
238 0.303315 -0.427503 0.00123639
239 0.301798 -0.441323 0.00100249
240 0.300289 -0.403166 0.00115536
241 0.298788 -0.367554 0.0013351
242 0.297294 -0.406626 0.00117768
243 0.295807 -0.434057 0.00109893
244 0.294328 -0.427886 0.00157961
245 0.292856 -0.407642 0.00226571
246 0.291392 -0.429288 0.00157365
247 0.289935 -0.435386 0.00108709
248 0.288486 -0.383973 0.0019366
249 0.287043 -0.383973 0.0019366
250 0.285608 -0.312504 0.00370953
251 0.28418 -0.387289 0.00220854
252 0.282759 -0.347993 0.00197709
253 0.281345 -0.317953 0.00280927
254 0.279938 -0.324402 0.00225384
255 0.278539 -0.279502 0.00299616
256 0.277146 -0.313427 0.00225605
257 0.27576 -0.350018 0.00162633
258 0.274382 -0.371017 0.00130233
259 0.27301 -0.379438 0.00205019
260 0.271645 -0.380816 0.0013701
261 0.270286 -0.288458 0.00358605
262 0.268935 -0.380103 0.00176615
263 0.26759 -0.434933 0.00116059
264 0.266252 -0.436171 0.000981882
265 0.264921 -0.406711 0.00144435
266 0.263596 -0.40279 0.00145803
267 0.262278 -0.344805 0.00180214
268 0.260967 -0.34444 0.00159572
269 0.259662 -0.34444 0.00159572
270 0.258364 -0.370531 0.00112144
271 0.257072 -0.218816 0.0012047
272 0.255787 -0.189294 0.00217866
273 0.254508 -0.065034 0.00208347
274 0.253235 -0.178004 0.00254244
275 0.251969 0.0286647 0.00493648
276 0.250709 -0.202164 0.00270075
277 0.249456 -0.198751 0.00310165
278 0.248208 -0.198751 0.00310165
279 0.246967 -0.198751 0.00310165
280 0.245733 -0.198751 0.00310165
281 0.244504 -0.198751 0.00310165
282 0.243281 -0.0944265 0.00381023
283 0.242065 -0.214947 0.00342706
284 0.240855 -0.214947 0.00342706
285 0.23965 -0.298543 0.00396579
286 0.238452 -0.368558 0.00140393
287 0.23726 -0.368558 0.00140393
288 0.236074 -0.332639 0.0031451
289 0.234893 -0.358041 0.00266883
290 0.233719 -0.407592 0.00177511
291 0.23255 -0.380873 0.0015222
292 0.231387 -0.21502 0.00316753
293 0.23023 -0.181655 0.00217914
294 0.229079 -0.212758 0.00233749
295 0.227934 -0.202514 0.00166439
296 0.226794 -0.29506 0.0022117
297 0.22566 -0.271293 0.00138678
298 0.224532 -0.337781 0.00189763
299 0.223409 -0.26935 0.00291548
300 0.222292 -0.26935 0.00291548
301 0.221181 -0.164951 0.00275906
302 0.220075 -0.0447048 0.00308526
303 0.218974 -0.0447048 0.00308526
304 0.21788 -0.0447048 0.00308526
305 0.21679 -0.0447048 0.00308526
306 0.215706 -0.0447048 0.00308526
307 0.214628 -0.0447048 0.00308526
308 0.213555 -0.00693311 0.00232305
309 0.212487 -0.099598 0.00161016
310 0.211424 -0.139018 0.00195041
311 0.210367 -0.180537 0.0020789
312 0.209315 -0.11139 0.00225786
313 0.208269 -0.11139 0.00225786
314 0.207227 -0.11139 0.00225786
315 0.206191 -0.11139 0.00225786
316 0.20516 -0.000222241 0.00217373
317 0.204135 0.140532 0.003199
318 0.203114 0.0497211 0.00324754
319 0.202098 -0.0852684 0.00334319
320 0.201088 0.0941439 0.00488469
321 0.200082 0.0941439 0.00488469
322 0.199082 0.0941439 0.00488469
323 0.198087 0.0941439 0.00488469
324 0.197096 0.0266905 0.00634665
325 0.196111 -0.196663 0.00224776
326 0.19513 -0.196663 0.00224776
327 0.194154 -0.0643587 0.00228014
328 0.193184 -0.0869535 0.00297674
329 0.192218 -0.138693 0.00238757
330 0.191257 -0.0425059 0.00440621
331 0.1903 -0.187498 0.00222335
332 0.189349 -0.252307 0.00253354
333 0.188402 -0.252307 0.00253354
334 0.18746 -0.268422 0.00128603
335 0.186523 -0.266537 0.0017182
336 0.18559 -0.424881 0.00121441
337 0.184662 -0.325339 0.00142234
338 0.183739 0.0965911 0.00324226
339 0.18282 0.0569935 0.00385577
340 0.181906 0.0569935 0.00385577
341 0.180997 0.0573518 0.00328538
342 0.180092 0.0573518 0.00328538
343 0.179191 -0.128915 0.00141017
344 0.178295 -0.128915 0.00141017
345 0.177404 0.18521 0.00298245
346 0.176517 0.18521 0.00298245
347 0.175634 0.0874272 0.00263195
348 0.174756 -0.068958 0.00198973
349 0.173882 -0.0479228 0.00211666
350 0.173013 -0.334953 0.00153634
351 0.172148 -0.410811 0.00149878
352 0.171287 -0.332035 0.00149018
353 0.170431 -0.418116 0.00120697
354 0.169578 -0.361022 0.00296285
355 0.168731 -0.333671 0.00133816
356 0.167887 -0.333671 0.00133816
357 0.167047 -0.304335 0.00158418
358 0.166212 -0.304335 0.00158418
359 0.165381 -0.375345 0.00148491
360 0.164554 -0.375345 0.00148491
361 0.163731 -0.390566 0.00123914
362 0.162913 -0.390566 0.00123914
363 0.162098 -0.416857 0.00131147
364 0.161288 -0.431207 0.000919222
365 0.160481 -0.420468 0.00148466
366 0.159679 -0.405739 0.00180919
367 0.158881 -0.405739 0.00180919
368 0.158086 -0.428612 0.00116939
369 0.157296 -0.423816 0.00118154
370 0.156509 -0.386909 0.00188031
371 0.155727 -0.393785 0.00209422
372 0.154948 -0.367164 0.00289323
373 0.154173 -0.367164 0.00289323
374 0.153402 -0.440739 0.000941592
375 0.152635 -0.440739 0.000941592
376 0.151872 -0.402952 0.00138997
377 0.151113 -0.4011 0.00182281
378 0.150357 -0.4011 0.00182281
379 0.149606 -0.38945 0.00185606
380 0.148857 -0.437684 0.00086607
381 0.148113 -0.373231 0.00128542
382 0.147373 -0.373231 0.00128542
383 0.146636 -0.302296 0.00144945
384 0.145903 -0.386072 0.00124497
385 0.145173 -0.329474 0.00116983
386 0.144447 -0.22898 0.0015469
387 0.143725 -0.333522 0.00127422
388 0.143006 -0.404804 0.00113528
389 0.142291 -0.404804 0.00113528
390 0.14158 -0.404804 0.00113528
391 0.140872 -0.404804 0.00113528
392 0.140168 -0.352427 0.00142115
393 0.139467 -0.381855 0.0012303
394 0.138769 -0.399635 0.000852272
395 0.138076 -0.408646 0.000916629
396 0.137385 -0.391589 0.000833349
397 0.136698 -0.423346 0.000982937
398 0.136015 -0.375866 0.00168223
399 0.135335 -0.356947 0.00159911
400 0.134658 -0.356889 0.00200011
401 0.133985 -0.389511 0.00150298
402 0.133315 -0.427663 0.000880482
403 0.132648 -0.429912 0.00131737
404 0.131985 -0.426677 0.00107957
405 0.131325 -0.426677 0.00107957
406 0.130668 -0.417095 0.00102763
407 0.130015 -0.417095 0.00102763
408 0.129365 -0.385236 0.000833162
409 0.128718 -0.385236 0.000833162
410 0.128075 -0.427614 0.00101364
411 0.127434 -0.388401 0.00118369
412 0.126797 -0.354252 0.0019583
413 0.126163 -0.354252 0.0019583
414 0.125532 -0.342957 0.00246498
415 0.124905 -0.332841 0.00283577
416 0.12428 -0.332841 0.00283577
417 0.123659 -0.392908 0.00177012
418 0.12304 -0.392908 0.00177012
419 0.122425 -0.392908 0.00177012
420 0.121813 -0.320831 0.00271265
421 0.121204 -0.246219 0.00366431
422 0.120598 -0.246219 0.00366431
423 0.119995 -0.345974 0.00315861
424 0.119395 -0.372628 0.00143301
425 0.118798 -0.309877 0.0032838
426 0.118204 -0.375653 0.00210595
427 0.117613 -0.336012 0.00245205
428 0.117025 -0.336012 0.00245205
429 0.11644 -0.336012 0.00245205
430 0.115858 -0.310962 0.00276977
431 0.115278 -0.384541 0.00228927
432 0.114702 -0.439883 0.000968861
433 0.114128 -0.414574 0.00148667
434 0.113558 -0.414574 0.00148667
435 0.11299 -0.41966 0.000807858
436 0.112425 -0.412587 0.0012757
437 0.111863 -0.412392 0.00108193
438 0.111304 -0.344953 0.00125965
439 0.110747 -0.311244 0.00146024
440 0.110193 -0.269666 0.00289263
441 0.109642 -0.269666 0.00289263
442 0.109094 -0.269666 0.00289263
443 0.108549 -0.282404 0.00290229
444 0.108006 -0.34066 0.00261679
445 0.107466 -0.296404 0.00271108
446 0.106929 -0.404666 0.00192624
447 0.106394 -0.342027 0.00122483
448 0.105862 -0.354 0.0027971
449 0.105333 -0.323704 0.00303804
450 0.104806 -0.247153 0.00320854
451 0.104282 -0.394133 0.00171139
452 0.103761 -0.412769 0.00146585
453 0.103242 -0.412769 0.00146585
454 0.102726 -0.424811 0.00139765
455 0.102212 -0.441691 0.000862118
456 0.101701 -0.441691 0.000862118
457 0.101192 -0.441691 0.000862118
458 0.100686 -0.392402 0.00144554
459 0.100183 -0.359396 0.0018032
460 0.0996821 -0.21557 0.00193845
461 0.0991837 -0.21557 0.00193845
462 0.0986878 -0.244403 0.00171385
463 0.0981943 -0.244403 0.00171385
464 0.0977034 -0.244403 0.00171385
465 0.0972148 -0.340741 0.00151142
466 0.0967288 -0.400971 0.0018655
467 0.0962451 -0.396535 0.00208134
468 0.0957639 -0.421099 0.00110081
469 0.0952851 -0.44251 0.00106093
470 0.0948086 -0.44251 0.00106093
471 0.0943346 -0.424621 0.00117338
472 0.0938629 -0.424621 0.00117338
473 0.0933936 -0.334638 0.00292352
474 0.0929266 -0.267739 0.00440821
475 0.092462 -0.327261 0.00215867
476 0.0919997 -0.269064 0.0031743
477 0.0915397 -0.320628 0.00211524
478 0.091082 -0.302855 0.00257265
479 0.0906266 -0.268984 0.00368747
480 0.0901735 -0.319611 0.00393377
481 0.0897226 -0.306187 0.0034448
482 0.089274 -0.39318 0.00204786
483 0.0888276 -0.39318 0.00204786
484 0.0883835 -0.398983 0.000858732
485 0.0879416 -0.398983 0.000858732
486 0.0875019 -0.406925 0.0015307
487 0.0870643 -0.383302 0.00102371
488 0.086629 -0.421217 0.000772983
489 0.0861959 -0.442604 0.000994917
490 0.0857649 -0.442604 0.000994917
491 0.0853361 -0.373639 0.00175549
492 0.0849094 -0.382053 0.00139198
493 0.0844848 -0.382053 0.00139198
494 0.0840624 -0.412393 0.0011188
495 0.0836421 -0.438267 0.0011063
496 0.0832239 -0.427722 0.00119059
497 0.0828078 -0.389855 0.00117491
498 0.0823937 -0.432991 0.00067762
499 0.0819818 -0.35509 0.0019173
500 0.0815719 -0.356319 0.00170084
501 0.081164 -0.420667 0.000991706
502 0.0807582 -0.420667 0.000991706
503 0.0803544 -0.420667 0.000991706
504 0.0799526 -0.412022 0.00134376
505 0.0795529 -0.326172 0.00218975
506 0.0791551 -0.410716 0.0012172
507 0.0787593 -0.438258 0.00109443
508 0.0783655 -0.43797 0.00131819
509 0.0779737 -0.403892 0.00125697
510 0.0775838 -0.403892 0.00125697
511 0.0771959 -0.403892 0.00125697
512 0.0768099 -0.414124 0.000959454
513 0.0764259 -0.414124 0.000959454
514 0.0760437 -0.346167 0.00222903
515 0.0756635 -0.28142 0.00261518
516 0.0752852 -0.257999 0.00287719
517 0.0749088 -0.342137 0.00257177
518 0.0745342 -0.356269 0.00250242
519 0.0741616 -0.375153 0.00202336
520 0.0737908 -0.375153 0.00202336
521 0.0734218 -0.375153 0.00202336
522 0.0730547 -0.411738 0.000993828
523 0.0726894 -0.43654 0.000931705
524 0.072326 -0.43654 0.000931705
525 0.0719643 -0.377078 0.00169379
526 0.0716045 -0.377078 0.00169379
527 0.0712465 -0.400852 0.00133471
528 0.0708903 -0.420042 0.00109707
529 0.0705358 -0.420042 0.00109707
530 0.0701831 -0.421016 0.0011581
531 0.0698322 -0.421016 0.0011581
532 0.0694831 -0.437517 0.00104112
533 0.0691356 -0.437517 0.00104112
534 0.06879 -0.437517 0.00104112
535 0.068446 -0.417619 0.00139501
536 0.0681038 -0.421734 0.00120211
537 0.0677633 -0.40367 0.00146886
538 0.0674245 -0.388829 0.00188805
539 0.0670873 -0.393808 0.00179745
540 0.0667519 -0.393808 0.00179745
541 0.0664181 -0.393808 0.00179745
542 0.066086 -0.393808 0.00179745
543 0.0657556 -0.393808 0.00179745
544 0.0654268 -0.393808 0.00179745
545 0.0650997 -0.393808 0.00179745
546 0.0647742 -0.393808 0.00179745
547 0.0644503 -0.442375 0.000988336
548 0.0641281 -0.442375 0.000988336
549 0.0638074 -0.413094 0.00149959
550 0.0634884 -0.295642 0.00360084
551 0.063171 -0.341539 0.00247195
552 0.0628551 -0.341576 0.00226146
553 0.0625408 -0.341576 0.00226146
554 0.0622281 -0.273732 0.0028391
555 0.061917 -0.273732 0.0028391
556 0.0616074 -0.292928 0.00260987
557 0.0612994 -0.292705 0.0037768
558 0.0609929 -0.292705 0.0037768
559 0.0606879 -0.292705 0.0037768
560 0.0603845 -0.350341 0.00263399
561 0.0600825 -0.336392 0.00200104
562 0.0597821 -0.303188 0.00262793
563 0.0594832 -0.305697 0.00143927
564 0.0591858 -0.310571 0.00222144
565 0.0588899 -0.269829 0.0025452
566 0.0585954 -0.294101 0.00252193
567 0.0583024 -0.279853 0.00254059
568 0.0580109 -0.278837 0.00172869
569 0.0577209 -0.322105 0.00109801
570 0.0574323 -0.322105 0.00109801
571 0.0571451 -0.380963 0.00120129
572 0.0568594 -0.380963 0.00120129
573 0.0565751 -0.380963 0.00120129
574 0.0562922 -0.344952 0.0011815
575 0.0560108 -0.344952 0.0011815
576 0.0557307 -0.375663 0.00125213
577 0.055452 -0.398892 0.000766839
578 0.0551748 -0.346697 0.00117375
579 0.0548989 -0.366055 0.00107933
580 0.0546244 -0.332418 0.00130297
581 0.0543513 -0.35403 0.00104551
582 0.0540795 -0.384894 0.000985949
583 0.0538091 -0.384894 0.000985949
584 0.0535401 -0.415939 0.00173634
585 0.0532724 -0.415939 0.00173634
586 0.053006 -0.427436 0.000778217
587 0.052741 -0.421346 0.00117909
588 0.0524773 -0.421346 0.00117909
589 0.0522149 -0.414642 0.00162114
590 0.0519538 -0.414642 0.00162114
591 0.0516941 -0.440444 0.00106398
592 0.0514356 -0.440444 0.00106398
593 0.0511784 -0.440444 0.00106398
594 0.0509225 -0.387625 0.00140185
595 0.0506679 -0.417603 0.000962379
596 0.0504146 -0.440939 0.00107102
597 0.0501625 -0.427465 0.00095586
598 0.0499117 -0.421177 0.000794408
599 0.0496621 -0.430776 0.00101994
600 0.0494138 -0.43139 0.00114756
601 0.0491668 -0.424278 0.00182594
602 0.0489209 -0.424278 0.00182594
603 0.0486763 -0.424278 0.00182594
604 0.0484329 -0.425661 0.00104384
605 0.0481908 -0.425661 0.00104384
606 0.0479498 -0.425661 0.00104384
607 0.0477101 -0.425661 0.00104384
608 0.0474715 -0.418834 0.00147724
609 0.0472342 -0.443018 0.000969695
610 0.046998 -0.43833 0.00093445
611 0.046763 -0.43833 0.00093445
612 0.0465292 -0.431013 0.00133187
613 0.0462965 -0.415981 0.00143822
614 0.0460651 -0.415981 0.00143822
615 0.0458347 -0.415981 0.00143822
616 0.0456056 -0.415981 0.00143822
617 0.0453775 -0.415981 0.00143822
618 0.0451506 -0.41119 0.00118339
619 0.0449249 -0.41119 0.00118339
620 0.0447003 -0.441841 0.000990808
621 0.0444768 -0.441841 0.000990808
622 0.0442544 -0.382301 0.00131956
623 0.0440331 -0.379503 0.00165067
624 0.0438129 -0.379503 0.00165067
625 0.0435939 -0.348827 0.00119286
626 0.0433759 -0.348827 0.00119286
627 0.043159 -0.29382 0.00177477
628 0.0429432 -0.442523 0.000944898
629 0.0427285 -0.4389 0.000770276
630 0.0425149 -0.393486 0.00127611
631 0.0423023 -0.426528 0.000843029
632 0.0420908 -0.423434 0.00111579
633 0.0418803 -0.437945 0.000917481
634 0.0416709 -0.436411 0.000972666
635 0.0414626 -0.436411 0.000972666
636 0.0412553 -0.412797 0.00127334
637 0.041049 -0.412797 0.00127334
638 0.0408437 -0.412797 0.00127334
639 0.0406395 -0.412797 0.00127334
640 0.0404363 -0.414015 0.00121035
641 0.0402341 -0.429755 0.00107472
642 0.040033 -0.429755 0.00107472
643 0.0398328 -0.429755 0.00107472
644 0.0396336 -0.433153 0.000862062
645 0.0394355 -0.432714 0.00165158
646 0.0392383 -0.432714 0.00165158
647 0.0390421 -0.440466 0.000834961
648 0.0388469 -0.429979 0.000863227
649 0.0386527 -0.429979 0.000863227
650 0.0384594 -0.429979 0.000863227
651 0.0382671 -0.429979 0.000863227
652 0.0380758 -0.429979 0.000863227
653 0.0378854 -0.429979 0.000863227
654 0.037696 -0.429979 0.000863227
655 0.0375075 -0.429979 0.000863227
656 0.0373199 -0.429979 0.000863227
657 0.0371333 -0.429979 0.000863227
658 0.0369477 -0.43074 0.00105501
659 0.0367629 -0.43074 0.00105501
660 0.0365791 -0.442388 0.000915418
661 0.0363962 -0.442388 0.000915418
662 0.0362142 -0.442388 0.000915418
663 0.0360332 -0.442388 0.000915418
664 0.035853 -0.409461 0.00110397
665 0.0356737 -0.358766 0.00119039
666 0.0354954 -0.358766 0.00119039
667 0.0353179 -0.358766 0.00119039
668 0.0351413 -0.385066 0.00117612
669 0.0349656 -0.385066 0.00117612
670 0.0347908 -0.437863 0.000920428
671 0.0346168 -0.441085 0.00117561
672 0.0344437 -0.412223 0.00126494
673 0.0342715 -0.39312 0.00166839
674 0.0341002 -0.419478 0.000670888
675 0.0339297 -0.419478 0.000670888
676 0.03376 -0.424873 0.000858095
677 0.0335912 -0.396255 0.00154664
678 0.0334233 -0.399612 0.00190832
679 0.0332561 -0.384634 0.00168241
680 0.0330899 -0.417323 0.000763384
681 0.0329244 -0.395785 0.0010677
682 0.0327598 -0.377035 0.0011833
683 0.032596 -0.377035 0.0011833
684 0.032433 -0.377035 0.0011833
685 0.0322708 -0.377035 0.0011833
686 0.0321095 -0.377035 0.0011833
687 0.0319489 -0.387522 0.00145981
688 0.0317892 -0.387522 0.00145981
689 0.0316303 -0.349923 0.00193035
690 0.0314721 -0.349923 0.00193035
691 0.0313147 -0.322562 0.00230316
692 0.0311582 -0.299116 0.00160503
693 0.0310024 -0.299116 0.00160503
694 0.0308474 -0.244492 0.00155563
695 0.0306931 -0.286447 0.00150356
696 0.0305397 -0.286447 0.00150356
697 0.030387 -0.300448 0.00157455
698 0.030235 -0.29324 0.00294336
699 0.0300839 -0.219582 0.00509038
700 0.0299334 -0.219582 0.00509038
701 0.0297838 -0.283848 0.00254565
702 0.0296348 -0.283848 0.00254565
703 0.0294867 -0.283848 0.00254565
704 0.0293392 -0.288926 0.00209974
705 0.0291925 -0.274125 0.00277767
706 0.0290466 -0.274125 0.00277767
707 0.0289013 -0.275533 0.00198751
708 0.0287568 -0.282501 0.00331575
709 0.0286131 -0.278816 0.00162547
710 0.02847 -0.304636 0.00209829
711 0.0283276 -0.304636 0.00209829
712 0.028186 -0.304636 0.00209829
713 0.0280451 -0.304636 0.00209829
714 0.0279048 -0.304636 0.00209829
715 0.0277653 -0.296897 0.0017311
716 0.0276265 -0.296897 0.0017311
717 0.0274884 -0.311007 0.00157586
718 0.0273509 -0.272242 0.00151617
719 0.0272142 -0.311908 0.00159567
720 0.0270781 -0.330762 0.00208039
721 0.0269427 -0.330762 0.00208039
722 0.026808 -0.32413 0.00157844
723 0.026674 -0.32322 0.00210741
724 0.0265406 -0.32322 0.00210741
725 0.0264079 -0.297412 0.00320494
726 0.0262758 -0.336062 0.001685
727 0.0261445 -0.359218 0.00155225
728 0.0260137 -0.359218 0.00155225
729 0.0258837 -0.305568 0.00288711
730 0.0257543 -0.321416 0.00267687
731 0.0256255 -0.309526 0.00252334
732 0.0254974 -0.309526 0.00252334
733 0.0253699 -0.309526 0.00252334
734 0.025243 -0.333391 0.0019227
735 0.0251168 -0.333391 0.0019227
736 0.0249912 -0.328967 0.00246025
737 0.0248663 -0.313054 0.00270257
738 0.0247419 -0.313054 0.00270257
739 0.0246182 -0.394112 0.00154312
740 0.0244951 -0.416012 0.000939113
741 0.0243727 -0.406369 0.00079473
742 0.0242508 -0.406369 0.00079473
743 0.0241295 -0.406369 0.00079473
744 0.0240089 -0.406369 0.00079473
745 0.0238888 -0.391959 0.00142044
746 0.0237694 -0.42681 0.00138858
747 0.0236506 -0.42681 0.00138858
748 0.0235323 -0.42681 0.00138858
749 0.0234146 -0.42681 0.00138858
750 0.0232976 -0.434797 0.00127936
751 0.0231811 -0.434797 0.00127936
752 0.0230652 -0.408774 0.000906361
753 0.0229498 -0.408774 0.000906361
754 0.0228351 -0.408774 0.000906361
755 0.0227209 -0.408774 0.000906361
756 0.0226073 -0.408774 0.000906361
757 0.0224943 -0.408774 0.000906361
758 0.0223818 -0.425752 0.00143373
759 0.0222699 -0.425752 0.00143373
760 0.0221586 -0.421238 0.00183143
761 0.0220478 -0.421238 0.00183143
762 0.0219375 -0.421238 0.00183143
763 0.0218278 -0.431808 0.00104911
764 0.0217187 -0.437013 0.00146209
765 0.0216101 -0.418922 0.00112838
766 0.021502 -0.428279 0.00123782
767 0.0213945 -0.428279 0.00123782
768 0.0212876 -0.428279 0.00123782
769 0.0211811 -0.428279 0.00123782
770 0.0210752 -0.428279 0.00123782
771 0.0209698 -0.428279 0.00123782
772 0.020865 -0.428279 0.00123782
773 0.0207607 -0.441124 0.00084914
774 0.0206569 -0.441124 0.00084914
775 0.0205536 -0.441124 0.00084914
776 0.0204508 -0.441124 0.00084914
777 0.0203486 -0.441124 0.00084914
778 0.0202468 -0.441124 0.00084914
779 0.0201456 -0.441124 0.00084914
780 0.0200449 -0.441124 0.00084914
781 0.0199446 -0.431858 0.00103548
782 0.0198449 -0.431858 0.00103548
783 0.0197457 -0.433725 0.000992421
784 0.019647 -0.423237 0.00139649
785 0.0195487 -0.423237 0.00139649
786 0.019451 -0.423237 0.00139649
787 0.0193537 -0.398592 0.00174759
788 0.019257 -0.414767 0.00122648
789 0.0191607 -0.415366 0.000758493
790 0.0190649 -0.388402 0.00101956
791 0.0189695 -0.407467 0.000814728
792 0.0188747 -0.407467 0.000814728
793 0.0187803 -0.429435 0.000908537
794 0.0186864 -0.429435 0.000908537
795 0.018593 -0.429435 0.000908537
796 0.0185 -0.441874 0.000850577
797 0.0184075 -0.443463 0.000901533
798 0.0183155 -0.443463 0.000901533
799 0.0182239 -0.443463 0.000901533
800 0.0181328 -0.443463 0.000901533
801 0.0180421 -0.44196 0.000889514
802 0.0179519 -0.441504 0.00102257
803 0.0178622 -0.429369 0.00151826
804 0.0177728 -0.429369 0.00151826
805 0.017684 -0.430818 0.000837487
806 0.0175956 -0.439221 0.00115448
807 0.0175076 -0.439221 0.00115448
808 0.01742 -0.439221 0.00115448
809 0.0173329 -0.388362 0.00124446
810 0.0172463 -0.426777 0.00150497
811 0.01716 -0.426777 0.00150497
812 0.0170742 -0.424654 0.00118661
813 0.0169889 -0.424654 0.00118661
814 0.0169039 -0.431569 0.000937746
815 0.0168194 -0.431569 0.000937746
816 0.0167353 -0.431569 0.000937746
817 0.0166516 -0.431569 0.000937746
818 0.0165684 -0.44025 0.00084295
819 0.0164855 -0.44025 0.00084295
820 0.0164031 -0.44025 0.00084295
821 0.0163211 -0.44025 0.00084295
822 0.0162395 -0.442847 0.000826208
823 0.0161583 -0.432531 0.00143016
824 0.0160775 -0.432531 0.00143016
825 0.0159971 -0.427954 0.000943565
826 0.0159171 -0.434039 0.00100121
827 0.0158375 -0.434039 0.00100121
828 0.0157584 -0.434039 0.00100121
829 0.0156796 -0.434039 0.00100121
830 0.0156012 -0.434039 0.00100121
831 0.0155232 -0.436473 0.00123553
832 0.0154455 -0.436473 0.00123553
833 0.0153683 -0.436473 0.00123553
834 0.0152915 -0.442448 0.00100085
835 0.015215 -0.441152 0.000695661
836 0.0151389 -0.421538 0.00161381
837 0.0150632 -0.427058 0.0011832
838 0.0149879 -0.438019 0.000889096
839 0.014913 -0.438019 0.000889096
840 0.0148384 -0.438019 0.000889096
841 0.0147642 -0.438019 0.000889096
842 0.0146904 -0.438019 0.000889096
843 0.014617 -0.438019 0.000889096
844 0.0145439 -0.431474 0.000907919
845 0.0144712 -0.431474 0.000907919
846 0.0143988 -0.442831 0.000969607
847 0.0143268 -0.442831 0.000969607
848 0.0142552 -0.442831 0.000969607
849 0.0141839 -0.442831 0.000969607
850 0.014113 -0.442831 0.000969607
851 0.0140424 -0.442831 0.000969607
852 0.0139722 -0.442831 0.000969607
853 0.0139023 -0.442831 0.000969607
854 0.0138328 -0.442831 0.000969607
855 0.0137637 -0.442831 0.000969607
856 0.0136948 -0.427898 0.000983252
857 0.0136264 -0.427898 0.000983252
858 0.0135582 -0.427898 0.000983252
859 0.0134904 -0.442402 0.000901855
860 0.013423 -0.442402 0.000901855
861 0.0133559 -0.442402 0.000901855
862 0.0132891 -0.442402 0.000901855
863 0.0132227 -0.435761 0.00105145
864 0.0131565 -0.435761 0.00105145
865 0.0130908 -0.435761 0.00105145
866 0.0130253 -0.435761 0.00105145
867 0.0129602 -0.435761 0.00105145
868 0.0128954 -0.435761 0.00105145
869 0.0128309 -0.416598 0.00129922
870 0.0127667 -0.436253 0.00110406
871 0.0127029 -0.436253 0.00110406
872 0.0126394 -0.436253 0.00110406
873 0.0125762 -0.436253 0.00110406
874 0.0125133 -0.436253 0.00110406
875 0.0124508 -0.436253 0.00110406
876 0.0123885 -0.436253 0.00110406
877 0.0123266 -0.443429 0.000845439
878 0.0122649 -0.443429 0.000845439
879 0.0122036 -0.443429 0.000845439
880 0.0121426 -0.443429 0.000845439
881 0.0120819 -0.443429 0.000845439
882 0.0120215 -0.41956 0.000755201
883 0.0119614 -0.41956 0.000755201
884 0.0119015 -0.41956 0.000755201
885 0.011842 -0.427466 0.000864616
886 0.0117828 -0.429034 0.00120451
887 0.0117239 -0.429034 0.00120451
888 0.0116653 -0.429034 0.00120451
889 0.011607 -0.429034 0.00120451
890 0.0115489 -0.429034 0.00120451
891 0.0114912 -0.429034 0.00120451
892 0.0114337 -0.429034 0.00120451
893 0.0113766 -0.429034 0.00120451
894 0.0113197 -0.431724 0.00128523
895 0.0112631 -0.422402 0.001163
896 0.0112068 -0.422402 0.001163
897 0.0111507 -0.422402 0.001163
898 0.011095 -0.422402 0.001163
899 0.0110395 -0.385674 0.00189419
900 0.0109843 -0.402034 0.00107028
901 0.0109294 -0.402034 0.00107028
902 0.0108747 -0.402034 0.00107028
903 0.0108204 -0.402034 0.00107028
904 0.0107663 -0.402034 0.00107028
905 0.0107124 -0.422099 0.000918357
906 0.0106589 -0.426142 0.00139284
907 0.0106056 -0.402937 0.000867089
908 0.0105525 -0.402937 0.000867089
909 0.0104998 -0.373128 0.000936373
910 0.0104473 -0.373128 0.000936373
911 0.010395 -0.379692 0.00183504
912 0.0103431 -0.431078 0.000747799
913 0.0102914 -0.431078 0.000747799
914 0.0102399 -0.441211 0.000847412
915 0.0101887 -0.441211 0.000847412
916 0.0101378 -0.441211 0.000847412
917 0.0100871 -0.441211 0.000847412
918 0.0100366 -0.441211 0.000847412
919 0.00998645 -0.441211 0.000847412
920 0.00993652 -0.441211 0.000847412
921 0.00988684 -0.441211 0.000847412
922 0.0098374 -0.43218 0.0013052
923 0.00978822 -0.440822 0.000647961
924 0.00973927 -0.440822 0.000647961
925 0.00969058 -0.440822 0.000647961
926 0.00964213 -0.430615 0.000857244
927 0.00959391 -0.444532 0.00107781
928 0.00954595 -0.444532 0.00107781
929 0.00949822 -0.444532 0.00107781
930 0.00945072 -0.444532 0.00107781
931 0.00940347 -0.444532 0.00107781
932 0.00935645 -0.444532 0.00107781
933 0.00930967 -0.444532 0.00107781
934 0.00926312 -0.444532 0.00107781
935 0.00921681 -0.444532 0.00107781
936 0.00917072 -0.444532 0.00107781
937 0.00912487 -0.444532 0.00107781
938 0.00907925 -0.444532 0.00107781
939 0.00903385 -0.444532 0.00107781
940 0.00898868 -0.444532 0.00107781
941 0.00894374 -0.444532 0.00107781
942 0.00889902 -0.444532 0.00107781
943 0.00885452 -0.444532 0.00107781
944 0.00881025 -0.444532 0.00107781
945 0.0087662 -0.444532 0.00107781
946 0.00872237 -0.444532 0.00107781
947 0.00867876 -0.444532 0.00107781
948 0.00863536 -0.444532 0.00107781
949 0.00859219 -0.444532 0.00107781
950 0.00854922 -0.438304 0.000858563
951 0.00850648 -0.438304 0.000858563
952 0.00846395 -0.438304 0.000858563
953 0.00842163 -0.438304 0.000858563
954 0.00837952 -0.438304 0.000858563
955 0.00833762 -0.438304 0.000858563
956 0.00829593 -0.438304 0.000858563
957 0.00825445 -0.438304 0.000858563
958 0.00821318 -0.438304 0.000858563
959 0.00817211 -0.438304 0.000858563
960 0.00813125 -0.438304 0.000858563
961 0.0080906 -0.441347 0.00106402
962 0.00805014 -0.441347 0.00106402
963 0.00800989 -0.430585 0.000536052
964 0.00796984 -0.430585 0.000536052
965 0.00793 -0.430585 0.000536052
966 0.00789035 -0.430585 0.000536052
967 0.00785089 -0.430585 0.000536052
968 0.00781164 -0.430585 0.000536052
969 0.00777258 -0.430585 0.000536052
970 0.00773372 -0.430585 0.000536052
971 0.00769505 -0.430585 0.000536052
972 0.00765657 -0.419189 0.000979552
973 0.00761829 -0.444738 0.000907875
974 0.0075802 -0.444738 0.000907875
975 0.0075423 -0.444738 0.000907875
976 0.00750459 -0.444738 0.000907875
977 0.00746706 -0.444738 0.000907875
978 0.00742973 -0.444738 0.000907875
979 0.00739258 -0.444738 0.000907875
980 0.00735562 -0.444738 0.000907875
981 0.00731884 -0.444738 0.000907875
982 0.00728225 -0.444738 0.000907875
983 0.00724583 -0.444738 0.000907875
984 0.0072096 -0.444738 0.000907875
985 0.00717356 -0.444738 0.000907875
986 0.00713769 -0.444738 0.000907875
987 0.007102 -0.444738 0.000907875
988 0.00706649 -0.444738 0.000907875
989 0.00703116 -0.439183 0.000953689
990 0.006996 -0.439183 0.000953689
991 0.00696102 -0.417347 0.00102452
992 0.00692622 -0.417347 0.00102452
993 0.00689159 -0.417347 0.00102452
994 0.00685713 -0.417347 0.00102452
995 0.00682284 -0.425765 0.000840682
996 0.00678873 -0.425765 0.000840682
997 0.00675478 -0.425765 0.000840682
998 0.00672101 -0.443491 0.000879055
999 0.00668741 -0.443491 0.000879055
1000 0.00665397 -0.443491 0.000879055
1001 0.0066207 -0.443491 0.000879055
1002 0.0065876 -0.429191 0.00105826
1003 0.00655466 -0.429191 0.00105826
1004 0.00652188 -0.429191 0.00105826
1005 0.00648927 -0.432217 0.00079532
1006 0.00645683 -0.442071 0.000870677
1007 0.00642454 -0.44527 0.000900971
1008 0.00639242 -0.44527 0.000900971
1009 0.00636046 -0.44527 0.000900971
1010 0.00632866 -0.44527 0.000900971
1011 0.00629701 -0.44527 0.000900971
1012 0.00626553 -0.44527 0.000900971
1013 0.0062342 -0.44527 0.000900971
1014 0.00620303 -0.44527 0.000900971
1015 0.00617201 -0.44527 0.000900971
1016 0.00614115 -0.44527 0.000900971
1017 0.00611045 -0.44527 0.000900971
1018 0.0060799 -0.44527 0.000900971
1019 0.0060495 -0.44527 0.000900971
1020 0.00601925 -0.44527 0.000900971
1021 0.00598915 -0.44527 0.000900971
1022 0.00595921 -0.44527 0.000900971
1023 0.00592941 -0.44527 0.000900971
1024 0.00589976 -0.44527 0.000900971
1025 0.00587027 -0.44527 0.000900971
1026 0.00584091 -0.44527 0.000900971
1027 0.00581171 -0.44527 0.000900971
1028 0.00578265 -0.443083 0.000987664
1029 0.00575374 -0.443083 0.000987664
1030 0.00572497 -0.443083 0.000987664
1031 0.00569634 -0.443083 0.000987664
1032 0.00566786 -0.442996 0.000902459
1033 0.00563952 -0.442996 0.000902459
1034 0.00561133 -0.442996 0.000902459
1035 0.00558327 -0.442412 0.000827436
1036 0.00555535 -0.442412 0.000827436
1037 0.00552758 -0.442412 0.000827436
1038 0.00549994 -0.442412 0.000827436
1039 0.00547244 -0.442412 0.000827436
1040 0.00544508 -0.442412 0.000827436
1041 0.00541785 -0.442412 0.000827436
1042 0.00539076 -0.442412 0.000827436
1043 0.00536381 -0.442412 0.000827436
1044 0.00533699 -0.442412 0.000827436
1045 0.0053103 -0.442412 0.000827436
1046 0.00528375 -0.442412 0.000827436
1047 0.00525733 -0.444237 0.000876734
1048 0.00523105 -0.444237 0.000876734
1049 0.00520489 -0.444237 0.000876734
1050 0.00517887 -0.444237 0.000876734
1051 0.00515297 -0.444237 0.000876734
1052 0.00512721 -0.444237 0.000876734
1053 0.00510157 -0.444237 0.000876734
1054 0.00507606 -0.444237 0.000876734
1055 0.00505068 -0.444237 0.000876734
1056 0.00502543 -0.444237 0.000876734
1057 0.0050003 -0.444237 0.000876734
1058 0.0049753 -0.444237 0.000876734
1059 0.00495043 -0.444237 0.000876734
1060 0.00492567 -0.444237 0.000876734
1061 0.00490104 -0.444237 0.000876734
1062 0.00487654 -0.444237 0.000876734
1063 0.00485216 -0.444237 0.000876734
1064 0.0048279 -0.444237 0.000876734
1065 0.00480376 -0.444237 0.000876734
1066 0.00477974 -0.444237 0.000876734
1067 0.00475584 -0.444237 0.000876734
1068 0.00473206 -0.444237 0.000876734
1069 0.0047084 -0.444237 0.000876734
1070 0.00468486 -0.444237 0.000876734
1071 0.00466143 -0.444237 0.000876734
1072 0.00463813 -0.444237 0.000876734
1073 0.00461494 -0.444237 0.000876734
1074 0.00459186 -0.444237 0.000876734
1075 0.0045689 -0.443482 0.000738777
1076 0.00454606 -0.443482 0.000738777
1077 0.00452333 -0.443482 0.000738777
1078 0.00450071 -0.443482 0.000738777
1079 0.00447821 -0.443482 0.000738777
1080 0.00445582 -0.443482 0.000738777
1081 0.00443354 -0.443482 0.000738777
1082 0.00441137 -0.443326 0.00100454
1083 0.00438931 -0.443326 0.00100454
1084 0.00436737 -0.443326 0.00100454
1085 0.00434553 -0.443326 0.00100454
1086 0.0043238 -0.443326 0.00100454
1087 0.00430218 -0.443326 0.00100454
1088 0.00428067 -0.443326 0.00100454
1089 0.00425927 -0.443326 0.00100454
1090 0.00423797 -0.443326 0.00100454
1091 0.00421678 -0.443326 0.00100454
1092 0.0041957 -0.443326 0.00100454
1093 0.00417472 -0.443326 0.00100454
1094 0.00415385 -0.443326 0.00100454
1095 0.00413308 -0.443326 0.00100454
1096 0.00411241 -0.443326 0.00100454
1097 0.00409185 -0.443326 0.00100454
1098 0.00407139 -0.443326 0.00100454
1099 0.00405103 -0.443326 0.00100454
1100 0.00403078 -0.442333 0.00102345
1101 0.00401062 -0.442333 0.00102345
1102 0.00399057 -0.442333 0.00102345
1103 0.00397062 -0.442333 0.00102345
1104 0.00395076 -0.442333 0.00102345
1105 0.00393101 -0.442333 0.00102345
1106 0.00391136 -0.442333 0.00102345
1107 0.0038918 -0.442333 0.00102345
1108 0.00387234 -0.442333 0.00102345
1109 0.00385298 -0.442333 0.00102345
1110 0.00383371 -0.442333 0.00102345
1111 0.00381454 -0.442333 0.00102345
1112 0.00379547 -0.442333 0.00102345
1113 0.00377649 -0.441044 0.00115684
1114 0.00375761 -0.441044 0.00115684
1115 0.00373882 -0.438898 0.000960474
1116 0.00372013 -0.438898 0.000960474
1117 0.00370153 -0.438898 0.000960474
1118 0.00368302 -0.431632 0.000808575
1119 0.00366461 -0.431632 0.000808575
1120 0.00364628 -0.431632 0.000808575
1121 0.00362805 -0.433986 0.000841498
1122 0.00360991 -0.436423 0.000959755
1123 0.00359186 -0.436423 0.000959755
1124 0.0035739 -0.444829 0.00114889
1125 0.00355603 -0.444829 0.00114889
1126 0.00353825 -0.444829 0.00114889
1127 0.00352056 -0.444829 0.00114889
1128 0.00350296 -0.444829 0.00114889
1129 0.00348544 -0.444829 0.00114889
1130 0.00346802 -0.442152 0.000768137
1131 0.00345068 -0.44315 0.000814432
1132 0.00343342 -0.44315 0.000814432
1133 0.00341626 -0.44315 0.000814432
1134 0.00339918 -0.44315 0.000814432
1135 0.00338218 -0.44315 0.000814432
1136 0.00336527 -0.44315 0.000814432
1137 0.00334844 -0.44315 0.000814432
1138 0.0033317 -0.44315 0.000814432
1139 0.00331504 -0.44315 0.000814432
1140 0.00329847 -0.44315 0.000814432
1141 0.00328197 -0.44315 0.000814432
1142 0.00326556 -0.44315 0.000814432
1143 0.00324924 -0.44315 0.000814432
1144 0.00323299 -0.44315 0.000814432
1145 0.00321683 -0.44315 0.000814432
1146 0.00320074 -0.44315 0.000814432
1147 0.00318474 -0.44315 0.000814432
1148 0.00316881 -0.44315 0.000814432
1149 0.00315297 -0.444623 0.000848116
1150 0.0031372 -0.444623 0.000848116
1151 0.00312152 -0.444623 0.000848116
1152 0.00310591 -0.444623 0.000848116
1153 0.00309038 -0.444623 0.000848116
1154 0.00307493 -0.444623 0.000848116
1155 0.00305955 -0.444623 0.000848116
1156 0.00304426 -0.444623 0.000848116
1157 0.00302904 -0.444623 0.000848116
1158 0.00301389 -0.444623 0.000848116
1159 0.00299882 -0.444623 0.000848116
1160 0.00298383 -0.444623 0.000848116
1161 0.00296891 -0.444623 0.000848116
1162 0.00295406 -0.444623 0.000848116
1163 0.00293929 -0.439724 0.000921837
1164 0.0029246 -0.439724 0.000921837
1165 0.00290997 -0.439724 0.000921837
1166 0.00289542 -0.439724 0.000921837
1167 0.00288095 -0.439724 0.000921837
1168 0.00286654 -0.439724 0.000921837
1169 0.00285221 -0.439724 0.000921837
1170 0.00283795 -0.439724 0.000921837
1171 0.00282376 -0.439724 0.000921837
1172 0.00280964 -0.441689 0.000939597
1173 0.00279559 -0.441689 0.000939597
1174 0.00278161 -0.441689 0.000939597
1175 0.00276771 -0.441689 0.000939597
1176 0.00275387 -0.441689 0.000939597
1177 0.0027401 -0.441689 0.000939597
1178 0.0027264 -0.441689 0.000939597
1179 0.00271277 -0.441689 0.000939597
1180 0.0026992 -0.441689 0.000939597
1181 0.00268571 -0.441689 0.000939597
1182 0.00267228 -0.441689 0.000939597
1183 0.00265892 -0.441689 0.000939597
1184 0.00264562 -0.441689 0.000939597
1185 0.00263239 -0.441689 0.000939597
1186 0.00261923 -0.444994 0.000852697
1187 0.00260613 -0.444994 0.000852697
1188 0.0025931 -0.443227 0.000741747
1189 0.00258014 -0.443227 0.000741747
1190 0.00256724 -0.443227 0.000741747
1191 0.0025544 -0.443227 0.000741747
1192 0.00254163 -0.443227 0.000741747
1193 0.00252892 -0.443227 0.000741747
1194 0.00251628 -0.443227 0.000741747
1195 0.0025037 -0.443227 0.000741747
1196 0.00249118 -0.443227 0.000741747
1197 0.00247872 -0.443227 0.000741747
1198 0.00246633 -0.443227 0.000741747
1199 0.002454 -0.444875 0.000926162
1200 0.00244173 -0.444875 0.000926162
1201 0.00242952 -0.442485 0.00108279
1202 0.00241737 -0.442485 0.00108279
1203 0.00240528 -0.442485 0.00108279
1204 0.00239326 -0.442485 0.00108279
1205 0.00238129 -0.442485 0.00108279
1206 0.00236938 -0.442485 0.00108279
1207 0.00235754 -0.444429 0.000864275
1208 0.00234575 -0.444429 0.000864275
1209 0.00233402 -0.444429 0.000864275
1210 0.00232235 -0.444429 0.000864275
1211 0.00231074 -0.444429 0.000864275
1212 0.00229918 -0.444429 0.000864275
1213 0.00228769 -0.444429 0.000864275
1214 0.00227625 -0.444429 0.000864275
1215 0.00226487 -0.444429 0.000864275
1216 0.00225354 -0.444429 0.000864275
1217 0.00224228 -0.444429 0.000864275
1218 0.00223107 -0.444429 0.000864275
1219 0.00221991 -0.444429 0.000864275
1220 0.00220881 -0.444429 0.000864275
1221 0.00219777 -0.444429 0.000864275
1222 0.00218678 -0.444429 0.000864275
1223 0.00217584 -0.444429 0.000864275
1224 0.00216496 -0.444429 0.000864275
1225 0.00215414 -0.444429 0.000864275
1226 0.00214337 -0.444429 0.000864275
1227 0.00213265 -0.444429 0.000864275
1228 0.00212199 -0.444429 0.000864275
1229 0.00211138 -0.444429 0.000864275
1230 0.00210082 -0.444429 0.000864275
1231 0.00209032 -0.440681 0.000934146
1232 0.00207987 -0.440681 0.000934146
1233 0.00206947 -0.440681 0.000934146
1234 0.00205912 -0.440681 0.000934146
1235 0.00204882 -0.440681 0.000934146
1236 0.00203858 -0.440681 0.000934146
1237 0.00202839 -0.440681 0.000934146
1238 0.00201825 -0.440681 0.000934146
1239 0.00200815 -0.440681 0.000934146
1240 0.00199811 -0.442767 0.00107345
1241 0.00198812 -0.442767 0.00107345
1242 0.00197818 -0.442767 0.00107345
1243 0.00196829 -0.442767 0.00107345
1244 0.00195845 -0.442767 0.00107345
1245 0.00194866 -0.442767 0.00107345
1246 0.00193891 -0.442767 0.00107345
1247 0.00192922 -0.442767 0.00107345
1248 0.00191957 -0.442767 0.00107345
1249 0.00190998 -0.442767 0.00107345
1250 0.00190043 -0.442767 0.00107345
1251 0.00189092 -0.442767 0.00107345
1252 0.00188147 -0.442767 0.00107345
1253 0.00187206 -0.442767 0.00107345
1254 0.0018627 -0.442767 0.00107345
1255 0.00185339 -0.442767 0.00107345
1256 0.00184412 -0.442767 0.00107345
1257 0.0018349 -0.442767 0.00107345
1258 0.00182573 -0.442767 0.00107345
1259 0.0018166 -0.442767 0.00107345
1260 0.00180751 -0.442767 0.00107345
1261 0.00179848 -0.442767 0.00107345
1262 0.00178948 -0.442767 0.00107345
1263 0.00178054 -0.442767 0.00107345
1264 0.00177163 -0.442767 0.00107345
1265 0.00176278 -0.442767 0.00107345
1266 0.00175396 -0.442767 0.00107345
1267 0.00174519 -0.442767 0.00107345
1268 0.00173647 -0.442767 0.00107345
1269 0.00172778 -0.442767 0.00107345
1270 0.00171915 -0.442767 0.00107345
1271 0.00171055 -0.442767 0.00107345
1272 0.001702 -0.442767 0.00107345
1273 0.00169349 -0.442767 0.00107345
1274 0.00168502 -0.442767 0.00107345
1275 0.00167659 -0.442767 0.00107345
1276 0.00166821 -0.442767 0.00107345
1277 0.00165987 -0.442767 0.00107345
1278 0.00165157 -0.442767 0.00107345
1279 0.00164331 -0.442767 0.00107345
1280 0.0016351 -0.442767 0.00107345
1281 0.00162692 -0.442767 0.00107345
1282 0.00161879 -0.442767 0.00107345
1283 0.00161069 -0.442767 0.00107345
1284 0.00160264 -0.442767 0.00107345
1285 0.00159463 -0.442767 0.00107345
1286 0.00158665 -0.442767 0.00107345
1287 0.00157872 -0.442767 0.00107345
1288 0.00157083 -0.442767 0.00107345
1289 0.00156297 -0.442767 0.00107345
1290 0.00155516 -0.442767 0.00107345
1291 0.00154738 -0.442767 0.00107345
1292 0.00153964 -0.442767 0.00107345
1293 0.00153195 -0.442767 0.00107345
1294 0.00152429 -0.442767 0.00107345
1295 0.00151666 -0.442767 0.00107345
1296 0.00150908 -0.442767 0.00107345
1297 0.00150154 -0.442767 0.00107345
1298 0.00149403 -0.442767 0.00107345
1299 0.00148656 -0.442767 0.00107345
1300 0.00147913 -0.442767 0.00107345
1301 0.00147173 -0.442767 0.00107345
1302 0.00146437 -0.442767 0.00107345
1303 0.00145705 -0.442767 0.00107345
1304 0.00144976 -0.442767 0.00107345
1305 0.00144252 -0.442767 0.00107345
1306 0.0014353 -0.442767 0.00107345
1307 0.00142813 -0.442767 0.00107345
1308 0.00142099 -0.442767 0.00107345
1309 0.00141388 -0.442767 0.00107345
1310 0.00140681 -0.442767 0.00107345
1311 0.00139978 -0.442767 0.00107345
1312 0.00139278 -0.442767 0.00107345
1313 0.00138581 -0.442767 0.00107345
1314 0.00137889 -0.442767 0.00107345
1315 0.00137199 -0.442767 0.00107345
1316 0.00136513 -0.442767 0.00107345
1317 0.00135831 -0.442767 0.00107345
1318 0.00135151 -0.442767 0.00107345
1319 0.00134476 -0.442767 0.00107345
1320 0.00133803 -0.442767 0.00107345
1321 0.00133134 -0.442767 0.00107345
1322 0.00132469 -0.442767 0.00107345
1323 0.00131806 -0.442767 0.00107345
1324 0.00131147 -0.442767 0.00107345
1325 0.00130491 -0.442767 0.00107345
1326 0.00129839 -0.442767 0.00107345
1327 0.0012919 -0.442767 0.00107345
1328 0.00128544 -0.442767 0.00107345
1329 0.00127901 -0.442767 0.00107345
1330 0.00127262 -0.442767 0.00107345
1331 0.00126625 -0.442767 0.00107345
1332 0.00125992 -0.442767 0.00107345
1333 0.00125362 -0.442767 0.00107345
1334 0.00124735 -0.441599 0.000749153
1335 0.00124112 -0.441599 0.000749153
1336 0.00123491 -0.441599 0.000749153
1337 0.00122874 -0.441599 0.000749153
1338 0.00122259 -0.441599 0.000749153
1339 0.00121648 -0.441599 0.000749153
1340 0.0012104 -0.441599 0.000749153
1341 0.00120435 -0.441599 0.000749153
1342 0.00119832 -0.441599 0.000749153
1343 0.00119233 -0.441599 0.000749153
1344 0.00118637 -0.441599 0.000749153
1345 0.00118044 -0.441599 0.000749153
1346 0.00117454 -0.441599 0.000749153
1347 0.00116866 -0.441599 0.000749153
1348 0.00116282 -0.441599 0.000749153
1349 0.00115701 -0.441599 0.000749153
1350 0.00115122 -0.441599 0.000749153
1351 0.00114547 -0.441599 0.000749153
1352 0.00113974 -0.441599 0.000749153
1353 0.00113404 -0.441599 0.000749153
1354 0.00112837 -0.441599 0.000749153
1355 0.00112273 -0.441599 0.000749153
1356 0.00111711 -0.441599 0.000749153
1357 0.00111153 -0.441599 0.000749153
1358 0.00110597 -0.441599 0.000749153
1359 0.00110044 -0.441599 0.000749153
1360 0.00109494 -0.441599 0.000749153
1361 0.00108946 -0.441599 0.000749153
1362 0.00108402 -0.441599 0.000749153
1363 0.0010786 -0.441599 0.000749153
1364 0.0010732 -0.441599 0.000749153
1365 0.00106784 -0.441599 0.000749153
1366 0.0010625 -0.442525 0.000761044
1367 0.00105719 -0.442525 0.000761044
1368 0.0010519 -0.442525 0.000761044
1369 0.00104664 -0.442525 0.000761044
1370 0.00104141 -0.442525 0.000761044
1371 0.0010362 -0.442525 0.000761044
1372 0.00103102 -0.442525 0.000761044
1373 0.00102586 -0.442525 0.000761044
1374 0.00102073 -0.442525 0.000761044
1375 0.00101563 -0.442525 0.000761044
1376 0.00101055 -0.442525 0.000761044
1377 0.0010055 -0.442525 0.000761044
1378 0.00100047 -0.442525 0.000761044
1379 0.00099547 -0.442525 0.000761044
1380 0.000990493 -0.442525 0.000761044
1381 0.000985541 -0.442525 0.000761044
1382 0.000980613 -0.442525 0.000761044
1383 0.00097571 -0.442525 0.000761044
1384 0.000970831 -0.442654 0.00115291
1385 0.000965977 -0.442654 0.00115291
1386 0.000961147 -0.442654 0.00115291
1387 0.000956341 -0.442654 0.00115291
1388 0.00095156 -0.442654 0.00115291
1389 0.000946802 -0.442654 0.00115291
1390 0.000942068 -0.442654 0.00115291
1391 0.000937358 -0.442654 0.00115291
1392 0.000932671 -0.442654 0.00115291
1393 0.000928007 -0.442654 0.00115291
1394 0.000923367 -0.442654 0.00115291
1395 0.000918751 -0.442654 0.00115291
1396 0.000914157 -0.442654 0.00115291
1397 0.000909586 -0.442654 0.00115291
1398 0.000905038 -0.442654 0.00115291
1399 0.000900513 -0.442654 0.00115291
1400 0.00089601 -0.442654 0.00115291
1401 0.00089153 -0.442654 0.00115291
1402 0.000887073 -0.442654 0.00115291
1403 0.000882637 -0.442654 0.00115291
1404 0.000878224 -0.442654 0.00115291
1405 0.000873833 -0.442654 0.00115291
1406 0.000869464 -0.442654 0.00115291
1407 0.000865117 -0.442654 0.00115291
1408 0.000860791 -0.442654 0.00115291
1409 0.000856487 -0.442654 0.00115291
1410 0.000852205 -0.442654 0.00115291
1411 0.000847944 -0.442654 0.00115291
1412 0.000843704 -0.442654 0.00115291
1413 0.000839485 -0.442654 0.00115291
1414 0.000835288 -0.442654 0.00115291
1415 0.000831111 -0.442654 0.00115291
1416 0.000826956 -0.442654 0.00115291
1417 0.000822821 -0.442654 0.00115291
1418 0.000818707 -0.442634 0.000773532
1419 0.000814613 -0.442634 0.000773532
1420 0.00081054 -0.442634 0.000773532
1421 0.000806488 -0.443291 0.00058906
1422 0.000802455 -0.443291 0.00058906
1423 0.000798443 -0.443291 0.00058906
1424 0.000794451 -0.443291 0.00058906
1425 0.000790479 -0.443288 0.000968373
1426 0.000786526 -0.443288 0.000968373
1427 0.000782593 -0.443288 0.000968373
1428 0.000778681 -0.443288 0.000968373
1429 0.000774787 -0.443288 0.000968373
1430 0.000770913 -0.443288 0.000968373
1431 0.000767059 -0.443288 0.000968373
1432 0.000763223 -0.443288 0.000968373
1433 0.000759407 -0.443288 0.000968373
1434 0.00075561 -0.443288 0.000968373
1435 0.000751832 -0.443288 0.000968373
1436 0.000748073 -0.443288 0.000968373
1437 0.000744333 -0.443288 0.000968373
1438 0.000740611 -0.443288 0.000968373
1439 0.000736908 -0.443288 0.000968373
1440 0.000733223 -0.443288 0.000968373
1441 0.000729557 -0.443288 0.000968373
1442 0.000725909 -0.443288 0.000968373
1443 0.00072228 -0.443288 0.000968373
1444 0.000718668 -0.443288 0.000968373
1445 0.000715075 -0.443288 0.000968373
1446 0.0007115 -0.443288 0.000968373
1447 0.000707942 -0.443288 0.000968373
1448 0.000704403 -0.443288 0.000968373
1449 0.000700881 -0.443288 0.000968373
1450 0.000697376 -0.443288 0.000968373
1451 0.000693889 -0.443288 0.000968373
1452 0.00069042 -0.443288 0.000968373
1453 0.000686968 -0.443288 0.000968373
1454 0.000683533 -0.443288 0.000968373
1455 0.000680115 -0.443288 0.000968373
1456 0.000676715 -0.443499 0.00103842
1457 0.000673331 -0.443499 0.00103842
1458 0.000669964 -0.443499 0.00103842
1459 0.000666615 -0.443499 0.00103842
1460 0.000663282 -0.443499 0.00103842
1461 0.000659965 -0.443499 0.00103842
1462 0.000656665 -0.443499 0.00103842
1463 0.000653382 -0.443499 0.00103842
1464 0.000650115 -0.443499 0.00103842
1465 0.000646864 -0.443499 0.00103842
1466 0.00064363 -0.443499 0.00103842
1467 0.000640412 -0.443499 0.00103842
1468 0.00063721 -0.443499 0.00103842
1469 0.000634024 -0.443499 0.00103842
1470 0.000630854 -0.443499 0.00103842
1471 0.000627699 -0.443499 0.00103842
1472 0.000624561 -0.443499 0.00103842
1473 0.000621438 -0.443499 0.00103842
1474 0.000618331 -0.443499 0.00103842
1475 0.000615239 -0.443499 0.00103842
1476 0.000612163 -0.443499 0.00103842
1477 0.000609102 -0.443499 0.00103842
1478 0.000606057 -0.443499 0.00103842
1479 0.000603027 -0.443499 0.00103842
1480 0.000600011 -0.443499 0.00103842
1481 0.000597011 -0.443499 0.00103842
1482 0.000594026 -0.443499 0.00103842
1483 0.000591056 -0.443499 0.00103842
1484 0.000588101 -0.443499 0.00103842
1485 0.00058516 -0.443499 0.00103842
1486 0.000582235 -0.443499 0.00103842
1487 0.000579323 -0.443499 0.00103842
1488 0.000576427 -0.443499 0.00103842
1489 0.000573545 -0.443499 0.00103842
1490 0.000570677 -0.443499 0.00103842
1491 0.000567824 -0.443499 0.00103842
1492 0.000564984 -0.443499 0.00103842
1493 0.000562159 -0.443499 0.00103842
1494 0.000559349 -0.443499 0.00103842
1495 0.000556552 -0.443499 0.00103842
1496 0.000553769 -0.443499 0.00103842
1497 0.000551 -0.443499 0.00103842
1498 0.000548245 -0.443499 0.00103842
1499 0.000545504 -0.444509 0.00101071
1500 0.000542777 -0.444509 0.00101071
1501 0.000540063 -0.444509 0.00101071
1502 0.000537362 -0.444509 0.00101071
1503 0.000534676 -0.444509 0.00101071
1504 0.000532002 -0.444509 0.00101071
1505 0.000529342 -0.444509 0.00101071
1506 0.000526695 -0.444509 0.00101071
1507 0.000524062 -0.444509 0.00101071
1508 0.000521442 -0.444509 0.00101071
1509 0.000518834 -0.444509 0.00101071
1510 0.00051624 -0.444509 0.00101071
1511 0.000513659 -0.444509 0.00101071
1512 0.000511091 -0.444509 0.00101071
1513 0.000508535 -0.444509 0.00101071
1514 0.000505993 -0.444509 0.00101071
1515 0.000503463 -0.444509 0.00101071
1516 0.000500945 -0.444577 0.000897293
1517 0.000498441 -0.444577 0.000897293
1518 0.000495948 -0.444577 0.000897293
1519 0.000493469 -0.444577 0.000897293
1520 0.000491001 -0.444577 0.000897293
1521 0.000488546 -0.444577 0.000897293
1522 0.000486104 -0.44443 0.00073078
1523 0.000483673 -0.44443 0.00073078
1524 0.000481255 -0.444077 0.000915857
1525 0.000478849 -0.444077 0.000915857
1526 0.000476454 -0.444077 0.000915857
1527 0.000474072 -0.444077 0.000915857
1528 0.000471702 -0.444077 0.000915857
1529 0.000469343 -0.444077 0.000915857
1530 0.000466996 -0.444077 0.000915857
1531 0.000464661 -0.444077 0.000915857
1532 0.000462338 -0.444077 0.000915857
1533 0.000460026 -0.444077 0.000915857
1534 0.000457726 -0.444077 0.000915857
1535 0.000455438 -0.444077 0.000915857
1536 0.00045316 -0.444077 0.000915857
1537 0.000450895 -0.444077 0.000915857
1538 0.00044864 -0.444077 0.000915857
1539 0.000446397 -0.444077 0.000915857
1540 0.000444165 -0.444077 0.000915857
1541 0.000441944 -0.444077 0.000915857
1542 0.000439734 -0.444077 0.000915857
1543 0.000437536 -0.444077 0.000915857
1544 0.000435348 -0.444077 0.000915857
1545 0.000433171 -0.444077 0.000915857
1546 0.000431006 -0.444077 0.000915857
1547 0.00042885 -0.444077 0.000915857
1548 0.000426706 -0.444077 0.000915857
1549 0.000424573 -0.444077 0.000915857
1550 0.00042245 -0.444077 0.000915857
1551 0.000420338 -0.444077 0.000915857
1552 0.000418236 -0.444077 0.000915857
1553 0.000416145 -0.444077 0.000915857
1554 0.000414064 -0.444077 0.000915857
1555 0.000411994 -0.444077 0.000915857
1556 0.000409934 -0.444077 0.000915857
1557 0.000407884 -0.444077 0.000915857
1558 0.000405845 -0.444077 0.000915857
1559 0.000403815 -0.444077 0.000915857
1560 0.000401796 -0.444077 0.000915857
1561 0.000399787 -0.444077 0.000915857
1562 0.000397788 -0.444077 0.000915857
1563 0.000395799 -0.444077 0.000915857
1564 0.00039382 -0.444077 0.000915857
1565 0.000391851 -0.444077 0.000915857
1566 0.000389892 -0.444077 0.000915857
1567 0.000387943 -0.444077 0.000915857
1568 0.000386003 -0.444077 0.000915857
1569 0.000384073 -0.444077 0.000915857
1570 0.000382153 -0.444077 0.000915857
1571 0.000380242 -0.444077 0.000915857
1572 0.000378341 -0.444077 0.000915857
1573 0.000376449 -0.444077 0.000915857
1574 0.000374567 -0.444077 0.000915857
1575 0.000372694 -0.444077 0.000915857
1576 0.00037083 -0.444077 0.000915857
1577 0.000368976 -0.444077 0.000915857
1578 0.000367131 -0.444077 0.000915857
1579 0.000365296 -0.444077 0.000915857
1580 0.000363469 -0.444077 0.000915857
1581 0.000361652 -0.444077 0.000915857
1582 0.000359844 -0.444077 0.000915857
1583 0.000358044 -0.444077 0.000915857
1584 0.000356254 -0.444077 0.000915857
1585 0.000354473 -0.444077 0.000915857
1586 0.0003527 -0.444077 0.000915857
1587 0.000350937 -0.444077 0.000915857
1588 0.000349182 -0.444077 0.000915857
1589 0.000347436 -0.444077 0.000915857
1590 0.000345699 -0.444077 0.000915857
1591 0.000343971 -0.444077 0.000915857
1592 0.000342251 -0.444077 0.000915857
1593 0.00034054 -0.444077 0.000915857
1594 0.000338837 -0.444077 0.000915857
1595 0.000337143 -0.444077 0.000915857
1596 0.000335457 -0.444077 0.000915857
1597 0.00033378 -0.444077 0.000915857
1598 0.000332111 -0.444077 0.000915857
1599 0.00033045 -0.444077 0.000915857
1600 0.000328798 -0.444077 0.000915857
1601 0.000327154 -0.444077 0.000915857
1602 0.000325518 -0.444077 0.000915857
1603 0.000323891 -0.444077 0.000915857
1604 0.000322271 -0.444077 0.000915857
1605 0.00032066 -0.444077 0.000915857
1606 0.000319057 -0.444077 0.000915857
1607 0.000317461 -0.444077 0.000915857
1608 0.000315874 -0.444077 0.000915857
1609 0.000314295 -0.444077 0.000915857
1610 0.000312723 -0.444077 0.000915857
1611 0.00031116 -0.444077 0.000915857
1612 0.000309604 -0.444077 0.000915857
1613 0.000308056 -0.444077 0.000915857
1614 0.000306515 -0.444077 0.000915857
1615 0.000304983 -0.444077 0.000915857
1616 0.000303458 -0.444077 0.000915857
1617 0.000301941 -0.444077 0.000915857
1618 0.000300431 -0.444077 0.000915857
1619 0.000298929 -0.444077 0.000915857
1620 0.000297434 -0.444077 0.000915857
1621 0.000295947 -0.444077 0.000915857
1622 0.000294467 -0.444077 0.000915857
1623 0.000292995 -0.444077 0.000915857
1624 0.00029153 -0.444077 0.000915857
1625 0.000290072 -0.444077 0.000915857
1626 0.000288622 -0.444077 0.000915857
1627 0.000287179 -0.444077 0.000915857
1628 0.000285743 -0.444077 0.000915857
1629 0.000284314 -0.444077 0.000915857
1630 0.000282893 -0.444077 0.000915857
1631 0.000281478 -0.444077 0.000915857
1632 0.000280071 -0.444077 0.000915857
1633 0.00027867 -0.444077 0.000915857
1634 0.000277277 -0.444077 0.000915857
1635 0.000275891 -0.444077 0.000915857
1636 0.000274511 -0.444077 0.000915857
1637 0.000273139 -0.444077 0.000915857
1638 0.000271773 -0.444077 0.000915857
1639 0.000270414 -0.444077 0.000915857
1640 0.000269062 -0.444077 0.000915857
1641 0.000267717 -0.444077 0.000915857
1642 0.000266378 -0.444077 0.000915857
1643 0.000265046 -0.444077 0.000915857
1644 0.000263721 -0.444077 0.000915857
1645 0.000262402 -0.444077 0.000915857
1646 0.00026109 -0.444077 0.000915857
1647 0.000259785 -0.444077 0.000915857
1648 0.000258486 -0.444077 0.000915857
1649 0.000257194 -0.444077 0.000915857
1650 0.000255908 -0.444077 0.000915857
1651 0.000254628 -0.444077 0.000915857
1652 0.000253355 -0.444077 0.000915857
1653 0.000252088 -0.444077 0.000915857
1654 0.000250828 -0.444077 0.000915857
1655 0.000249574 -0.444077 0.000915857
1656 0.000248326 -0.444077 0.000915857
1657 0.000247084 -0.444446 0.000948298
1658 0.000245849 -0.444446 0.000948298
1659 0.000244619 -0.444446 0.000948298
1660 0.000243396 -0.444446 0.000948298
1661 0.000242179 -0.444446 0.000948298
1662 0.000240968 -0.444446 0.000948298
1663 0.000239764 -0.444446 0.000948298
1664 0.000238565 -0.444446 0.000948298
1665 0.000237372 -0.444446 0.000948298
1666 0.000236185 -0.444446 0.000948298
1667 0.000235004 -0.444446 0.000948298
1668 0.000233829 -0.444446 0.000948298
1669 0.00023266 -0.444446 0.000948298
1670 0.000231497 -0.444446 0.000948298
1671 0.000230339 -0.444446 0.000948298
1672 0.000229188 -0.444446 0.000948298
1673 0.000228042 -0.444446 0.000948298
1674 0.000226901 -0.444446 0.000948298
1675 0.000225767 -0.444446 0.000948298
1676 0.000224638 -0.444446 0.000948298
1677 0.000223515 -0.444446 0.000948298
1678 0.000222397 -0.444446 0.000948298
1679 0.000221285 -0.444446 0.000948298
1680 0.000220179 -0.444446 0.000948298
1681 0.000219078 -0.444446 0.000948298
1682 0.000217983 -0.444446 0.000948298
1683 0.000216893 -0.444446 0.000948298
1684 0.000215808 -0.444446 0.000948298
1685 0.000214729 -0.444446 0.000948298
1686 0.000213656 -0.444446 0.000948298
1687 0.000212587 -0.444446 0.000948298
1688 0.000211524 -0.444446 0.000948298
1689 0.000210467 -0.444446 0.000948298
1690 0.000209414 -0.444446 0.000948298
1691 0.000208367 -0.444446 0.000948298
1692 0.000207325 -0.444446 0.000948298
1693 0.000206289 -0.444446 0.000948298
1694 0.000205257 -0.444446 0.000948298
1695 0.000204231 -0.444446 0.000948298
1696 0.00020321 -0.444446 0.000948298
1697 0.000202194 -0.444446 0.000948298
1698 0.000201183 -0.444446 0.000948298
1699 0.000200177 -0.444446 0.000948298
1700 0.000199176 -0.444446 0.000948298
1701 0.00019818 -0.444446 0.000948298
1702 0.000197189 -0.444446 0.000948298
1703 0.000196203 -0.444446 0.000948298
1704 0.000195222 -0.444446 0.000948298
1705 0.000194246 -0.444446 0.000948298
1706 0.000193275 -0.444446 0.000948298
1707 0.000192309 -0.444446 0.000948298
1708 0.000191347 -0.444446 0.000948298
1709 0.00019039 -0.444446 0.000948298
1710 0.000189438 -0.444446 0.000948298
1711 0.000188491 -0.444446 0.000948298
1712 0.000187549 -0.444446 0.000948298
1713 0.000186611 -0.444446 0.000948298
1714 0.000185678 -0.444446 0.000948298
1715 0.00018475 -0.444446 0.000948298
1716 0.000183826 -0.444446 0.000948298
1717 0.000182907 -0.444446 0.000948298
1718 0.000181992 -0.444446 0.000948298
1719 0.000181082 -0.444446 0.000948298
1720 0.000180177 -0.444446 0.000948298
1721 0.000179276 -0.444446 0.000948298
1722 0.00017838 -0.444446 0.000948298
1723 0.000177488 -0.444446 0.000948298
1724 0.0001766 -0.444446 0.000948298
1725 0.000175717 -0.444446 0.000948298
1726 0.000174839 -0.444446 0.000948298
1727 0.000173964 -0.444446 0.000948298
1728 0.000173095 -0.444446 0.000948298
1729 0.000172229 -0.444446 0.000948298
1730 0.000171368 -0.444446 0.000948298
1731 0.000170511 -0.444446 0.000948298
1732 0.000169659 -0.444446 0.000948298
1733 0.00016881 -0.444446 0.000948298
1734 0.000167966 -0.444446 0.000948298
1735 0.000167126 -0.444446 0.000948298
1736 0.000166291 -0.444446 0.000948298
1737 0.000165459 -0.444446 0.000948298
1738 0.000164632 -0.444446 0.000948298
1739 0.000163809 -0.444446 0.000948298
1740 0.00016299 -0.444446 0.000948298
1741 0.000162175 -0.444446 0.000948298
1742 0.000161364 -0.444446 0.000948298
1743 0.000160557 -0.444446 0.000948298
1744 0.000159754 -0.444446 0.000948298
1745 0.000158956 -0.444446 0.000948298
1746 0.000158161 -0.444446 0.000948298
1747 0.00015737 -0.444446 0.000948298
1748 0.000156583 -0.444446 0.000948298
1749 0.0001558 -0.444446 0.000948298
1750 0.000155021 -0.444446 0.000948298
1751 0.000154246 -0.444446 0.000948298
1752 0.000153475 -0.444446 0.000948298
1753 0.000152708 -0.444446 0.000948298
1754 0.000151944 -0.444446 0.000948298
1755 0.000151184 -0.444446 0.000948298
1756 0.000150428 -0.444446 0.000948298
1757 0.000149676 -0.444446 0.000948298
1758 0.000148928 -0.444446 0.000948298
1759 0.000148183 -0.444446 0.000948298
1760 0.000147442 -0.444446 0.000948298
1761 0.000146705 -0.444446 0.000948298
1762 0.000145972 -0.444446 0.000948298
1763 0.000145242 -0.444446 0.000948298
1764 0.000144516 -0.444446 0.000948298
1765 0.000143793 -0.444446 0.000948298
1766 0.000143074 -0.444446 0.000948298
1767 0.000142359 -0.444446 0.000948298
1768 0.000141647 -0.444446 0.000948298
1769 0.000140939 -0.444446 0.000948298
1770 0.000140234 -0.444446 0.000948298
1771 0.000139533 -0.444446 0.000948298
1772 0.000138835 -0.444446 0.000948298
1773 0.000138141 -0.444446 0.000948298
1774 0.00013745 -0.444446 0.000948298
1775 0.000136763 -0.444446 0.000948298
1776 0.000136079 -0.444446 0.000948298
1777 0.000135399 -0.444446 0.000948298
1778 0.000134722 -0.444446 0.000948298
1779 0.000134048 -0.444446 0.000948298
1780 0.000133378 -0.444446 0.000948298
1781 0.000132711 -0.444446 0.000948298
1782 0.000132047 -0.444446 0.000948298
1783 0.000131387 -0.444446 0.000948298
1784 0.00013073 -0.444446 0.000948298
1785 0.000130077 -0.444446 0.000948298
1786 0.000129426 -0.444446 0.000948298
1787 0.000128779 -0.444446 0.000948298
1788 0.000128135 -0.444446 0.000948298
1789 0.000127495 -0.444446 0.000948298
1790 0.000126857 -0.444446 0.000948298
1791 0.000126223 -0.444446 0.000948298
1792 0.000125592 -0.444446 0.000948298
1793 0.000124964 -0.444446 0.000948298
1794 0.000124339 -0.444446 0.000948298
1795 0.000123717 -0.444446 0.000948298
1796 0.000123099 -0.444446 0.000948298
1797 0.000122483 -0.444446 0.000948298
1798 0.000121871 -0.444446 0.000948298
1799 0.000121261 -0.444446 0.000948298
1800 0.000120655 -0.444446 0.000948298
1801 0.000120052 -0.444446 0.000948298
1802 0.000119451 -0.444446 0.000948298
1803 0.000118854 -0.444446 0.000948298
1804 0.00011826 -0.444446 0.000948298
1805 0.000117669 -0.444446 0.000948298
1806 0.00011708 -0.444446 0.000948298
1807 0.000116495 -0.444446 0.000948298
1808 0.000115912 -0.444446 0.000948298
1809 0.000115333 -0.444446 0.000948298
1810 0.000114756 -0.444446 0.000948298
1811 0.000114182 -0.444446 0.000948298
1812 0.000113612 -0.444446 0.000948298
1813 0.000113043 -0.444446 0.000948298
1814 0.000112478 -0.444446 0.000948298
1815 0.000111916 -0.444446 0.000948298
1816 0.000111356 -0.444446 0.000948298
1817 0.000110799 -0.444446 0.000948298
1818 0.000110245 -0.444446 0.000948298
1819 0.000109694 -0.444446 0.000948298
1820 0.000109146 -0.444446 0.000948298
1821 0.0001086 -0.444446 0.000948298
1822 0.000108057 -0.444446 0.000948298
1823 0.000107517 -0.444446 0.000948298
1824 0.000106979 -0.444446 0.000948298
1825 0.000106444 -0.444446 0.000948298
1826 0.000105912 -0.444446 0.000948298
1827 0.000105383 -0.444446 0.000948298
1828 0.000104856 -0.444446 0.000948298
1829 0.000104331 -0.444446 0.000948298
1830 0.00010381 -0.444446 0.000948298
1831 0.000103291 -0.444446 0.000948298
1832 0.000102774 -0.444446 0.000948298
1833 0.00010226 -0.444446 0.000948298
1834 0.000101749 -0.444446 0.000948298
1835 0.00010124 -0.444446 0.000948298
1836 0.000100734 -0.444446 0.000948298
1837 0.00010023 -0.444446 0.000948298
1838 9.97292e-05 -0.444446 0.000948298
1839 9.92306e-05 -0.444446 0.000948298
1840 9.87344e-05 -0.444446 0.000948298
1841 9.82407e-05 -0.444446 0.000948298
1842 9.77495e-05 -0.444446 0.000948298
1843 9.72608e-05 -0.444446 0.000948298
1844 9.67745e-05 -0.444446 0.000948298
1845 9.62906e-05 -0.444446 0.000948298
1846 9.58092e-05 -0.444446 0.000948298
1847 9.53301e-05 -0.444446 0.000948298
1848 9.48535e-05 -0.444446 0.000948298
1849 9.43792e-05 -0.444446 0.000948298
1850 9.39073e-05 -0.444446 0.000948298
1851 9.34378e-05 -0.444446 0.000948298
1852 9.29706e-05 -0.444446 0.000948298
1853 9.25057e-05 -0.444446 0.000948298
1854 9.20432e-05 -0.444446 0.000948298
1855 9.1583e-05 -0.444446 0.000948298
1856 9.11251e-05 -0.444446 0.000948298
1857 9.06694e-05 -0.444446 0.000948298
1858 9.02161e-05 -0.444446 0.000948298
1859 8.9765e-05 -0.444446 0.000948298
1860 8.93162e-05 -0.444446 0.000948298
1861 8.88696e-05 -0.444446 0.000948298
1862 8.84253e-05 -0.444446 0.000948298
1863 8.79831e-05 -0.444446 0.000948298
1864 8.75432e-05 -0.444446 0.000948298
1865 8.71055e-05 -0.444446 0.000948298
1866 8.667e-05 -0.444446 0.000948298
1867 8.62366e-05 -0.444446 0.000948298
1868 8.58054e-05 -0.444446 0.000948298
1869 8.53764e-05 -0.444446 0.000948298
1870 8.49495e-05 -0.444446 0.000948298
1871 8.45248e-05 -0.444446 0.000948298
1872 8.41022e-05 -0.444446 0.000948298
1873 8.36817e-05 -0.444446 0.000948298
1874 8.32632e-05 -0.444446 0.000948298
1875 8.28469e-05 -0.444446 0.000948298
1876 8.24327e-05 -0.444446 0.000948298
1877 8.20205e-05 -0.444446 0.000948298
1878 8.16104e-05 -0.444446 0.000948298
1879 8.12024e-05 -0.444446 0.000948298
1880 8.07964e-05 -0.444446 0.000948298
1881 8.03924e-05 -0.444446 0.000948298
1882 7.99904e-05 -0.444446 0.000948298
1883 7.95905e-05 -0.444446 0.000948298
1884 7.91925e-05 -0.444446 0.000948298
1885 7.87966e-05 -0.444446 0.000948298
1886 7.84026e-05 -0.444446 0.000948298
1887 7.80106e-05 -0.444446 0.000948298
1888 7.76205e-05 -0.444446 0.000948298
1889 7.72324e-05 -0.444446 0.000948298
1890 7.68462e-05 -0.444446 0.000948298
1891 7.6462e-05 -0.444446 0.000948298
1892 7.60797e-05 -0.444446 0.000948298
1893 7.56993e-05 -0.444446 0.000948298
1894 7.53208e-05 -0.444446 0.000948298
1895 7.49442e-05 -0.444446 0.000948298
1896 7.45695e-05 -0.444446 0.000948298
1897 7.41966e-05 -0.444446 0.000948298
1898 7.38256e-05 -0.444446 0.000948298
1899 7.34565e-05 -0.444446 0.000948298
1900 7.30892e-05 -0.444446 0.000948298
1901 7.27238e-05 -0.444446 0.000948298
1902 7.23602e-05 -0.444446 0.000948298
1903 7.19984e-05 -0.444446 0.000948298
1904 7.16384e-05 -0.444446 0.000948298
1905 7.12802e-05 -0.444446 0.000948298
1906 7.09238e-05 -0.444446 0.000948298
1907 7.05692e-05 -0.444446 0.000948298
1908 7.02163e-05 -0.445535 0.000942223
1909 6.98652e-05 -0.445535 0.000942223
1910 6.95159e-05 -0.445535 0.000942223
1911 6.91683e-05 -0.445535 0.000942223
1912 6.88225e-05 -0.445535 0.000942223
1913 6.84784e-05 -0.445535 0.000942223
1914 6.8136e-05 -0.445535 0.000942223
1915 6.77953e-05 -0.445535 0.000942223
1916 6.74563e-05 -0.445535 0.000942223
1917 6.7119e-05 -0.445535 0.000942223
1918 6.67835e-05 -0.445535 0.000942223
1919 6.64495e-05 -0.445535 0.000942223
1920 6.61173e-05 -0.445535 0.000942223
1921 6.57867e-05 -0.445535 0.000942223
1922 6.54578e-05 -0.445535 0.000942223
1923 6.51305e-05 -0.445535 0.000942223
1924 6.48048e-05 -0.445535 0.000942223
1925 6.44808e-05 -0.445535 0.000942223
1926 6.41584e-05 -0.445535 0.000942223
1927 6.38376e-05 -0.445535 0.000942223
1928 6.35184e-05 -0.445535 0.000942223
1929 6.32008e-05 -0.445535 0.000942223
1930 6.28848e-05 -0.445535 0.000942223
1931 6.25704e-05 -0.445535 0.000942223
1932 6.22575e-05 -0.445535 0.000942223
1933 6.19463e-05 -0.445535 0.000942223
1934 6.16365e-05 -0.445535 0.000942223
1935 6.13283e-05 -0.445535 0.000942223
1936 6.10217e-05 -0.445535 0.000942223
1937 6.07166e-05 -0.445535 0.000942223
1938 6.0413e-05 -0.445535 0.000942223
1939 6.01109e-05 -0.445535 0.000942223
1940 5.98104e-05 -0.445535 0.000942223
1941 5.95113e-05 -0.445535 0.000942223
1942 5.92138e-05 -0.445535 0.000942223
1943 5.89177e-05 -0.445535 0.000942223
1944 5.86231e-05 -0.445535 0.000942223
1945 5.833e-05 -0.445535 0.000942223
1946 5.80384e-05 -0.445535 0.000942223
1947 5.77482e-05 -0.445535 0.000942223
1948 5.74594e-05 -0.445535 0.000942223
1949 5.71721e-05 -0.445535 0.000942223
1950 5.68863e-05 -0.445535 0.000942223
1951 5.66018e-05 -0.445535 0.000942223
1952 5.63188e-05 -0.445535 0.000942223
1953 5.60372e-05 -0.445535 0.000942223
1954 5.5757e-05 -0.445535 0.000942223
1955 5.54783e-05 -0.445535 0.000942223
1956 5.52009e-05 -0.445535 0.000942223
1957 5.49249e-05 -0.445535 0.000942223
1958 5.46502e-05 -0.445535 0.000942223
1959 5.4377e-05 -0.445535 0.000942223
1960 5.41051e-05 -0.445535 0.000942223
1961 5.38346e-05 -0.445535 0.000942223
1962 5.35654e-05 -0.445535 0.000942223
1963 5.32976e-05 -0.445535 0.000942223
1964 5.30311e-05 -0.445535 0.000942223
1965 5.27659e-05 -0.445535 0.000942223
1966 5.25021e-05 -0.445535 0.000942223
1967 5.22396e-05 -0.445535 0.000942223
1968 5.19784e-05 -0.445535 0.000942223
1969 5.17185e-05 -0.445535 0.000942223
1970 5.14599e-05 -0.445535 0.000942223
1971 5.12026e-05 -0.445535 0.000942223
1972 5.09466e-05 -0.445535 0.000942223
1973 5.06919e-05 -0.445535 0.000942223
1974 5.04384e-05 -0.445535 0.000942223
1975 5.01862e-05 -0.445535 0.000942223
1976 4.99353e-05 -0.445535 0.000942223
1977 4.96856e-05 -0.445535 0.000942223
1978 4.94372e-05 -0.445535 0.000942223
1979 4.919e-05 -0.445535 0.000942223
1980 4.8944e-05 -0.445535 0.000942223
1981 4.86993e-05 -0.445535 0.000942223
1982 4.84558e-05 -0.445535 0.000942223
1983 4.82136e-05 -0.445535 0.000942223
1984 4.79725e-05 -0.445535 0.000942223
1985 4.77326e-05 -0.445535 0.000942223
1986 4.7494e-05 -0.445535 0.000942223
1987 4.72565e-05 -0.445535 0.000942223
1988 4.70202e-05 -0.445535 0.000942223
1989 4.67851e-05 -0.445535 0.000942223
1990 4.65512e-05 -0.445535 0.000942223
1991 4.63184e-05 -0.445535 0.000942223
1992 4.60868e-05 -0.445535 0.000942223
1993 4.58564e-05 -0.445535 0.000942223
1994 4.56271e-05 -0.445535 0.000942223
1995 4.5399e-05 -0.445535 0.000942223
1996 4.5172e-05 -0.445535 0.000942223
1997 4.49461e-05 -0.445535 0.000942223
1998 4.47214e-05 -0.445535 0.000942223
1999 4.44978e-05 -0.445535 0.000942223
2000 4.42753e-05 -0.445535 0.000942223
2001 4.40539e-05 -0.445535 0.000942223
2002 4.38337e-05 -0.445535 0.000942223
2003 4.36145e-05 -0.445535 0.000942223
2004 4.33964e-05 -0.445535 0.000942223
2005 4.31794e-05 -0.445535 0.000942223
2006 4.29635e-05 -0.445535 0.000942223
2007 4.27487e-05 -0.445535 0.000942223
2008 4.2535e-05 -0.445458 0.00100667
2009 4.23223e-05 -0.445458 0.00100667
2010 4.21107e-05 -0.445458 0.00100667
2011 4.19001e-05 -0.445458 0.00100667
2012 4.16906e-05 -0.445458 0.00100667
2013 4.14822e-05 -0.445458 0.00100667
2014 4.12748e-05 -0.445458 0.00100667
2015 4.10684e-05 -0.445458 0.00100667
2016 4.08631e-05 -0.445458 0.00100667
2017 4.06587e-05 -0.445458 0.00100667
2018 4.04554e-05 -0.445458 0.00100667
2019 4.02532e-05 -0.445458 0.00100667
2020 4.00519e-05 -0.445458 0.00100667
2021 3.98516e-05 -0.445458 0.00100667
2022 3.96524e-05 -0.445458 0.00100667
2023 3.94541e-05 -0.445458 0.00100667
2024 3.92568e-05 -0.445458 0.00100667
2025 3.90606e-05 -0.445458 0.00100667
2026 3.88653e-05 -0.445458 0.00100667
2027 3.86709e-05 -0.445458 0.00100667
2028 3.84776e-05 -0.445458 0.00100667
2029 3.82852e-05 -0.445458 0.00100667
2030 3.80938e-05 -0.445458 0.00100667
2031 3.79033e-05 -0.445458 0.00100667
2032 3.77138e-05 -0.445458 0.00100667
2033 3.75252e-05 -0.445458 0.00100667
2034 3.73376e-05 -0.445458 0.00100667
2035 3.71509e-05 -0.445458 0.00100667
2036 3.69651e-05 -0.445458 0.00100667
2037 3.67803e-05 -0.445458 0.00100667
2038 3.65964e-05 -0.445458 0.00100667
2039 3.64134e-05 -0.445458 0.00100667
2040 3.62314e-05 -0.445458 0.00100667
2041 3.60502e-05 -0.445458 0.00100667
2042 3.587e-05 -0.445458 0.00100667
2043 3.56906e-05 -0.445458 0.00100667
2044 3.55122e-05 -0.445458 0.00100667
2045 3.53346e-05 -0.445458 0.00100667
2046 3.51579e-05 -0.445458 0.00100667
2047 3.49821e-05 -0.445458 0.00100667
2048 3.48072e-05 -0.445458 0.00100667
2049 3.46332e-05 -0.445458 0.00100667
2050 3.446e-05 -0.445458 0.00100667
2051 3.42877e-05 -0.445458 0.00100667
2052 3.41163e-05 -0.445458 0.00100667
2053 3.39457e-05 -0.445458 0.00100667
2054 3.3776e-05 -0.445458 0.00100667
2055 3.36071e-05 -0.445458 0.00100667
2056 3.34391e-05 -0.445458 0.00100667
2057 3.32719e-05 -0.445458 0.00100667
2058 3.31055e-05 -0.445458 0.00100667
2059 3.294e-05 -0.445458 0.00100667
2060 3.27753e-05 -0.445458 0.00100667
2061 3.26114e-05 -0.445458 0.00100667
2062 3.24483e-05 -0.445458 0.00100667
2063 3.22861e-05 -0.445458 0.00100667
2064 3.21247e-05 -0.445458 0.00100667
2065 3.1964e-05 -0.445458 0.00100667
2066 3.18042e-05 -0.445458 0.00100667
2067 3.16452e-05 -0.445458 0.00100667
2068 3.1487e-05 -0.445458 0.00100667
2069 3.13295e-05 -0.445458 0.00100667
2070 3.11729e-05 -0.445458 0.00100667
2071 3.1017e-05 -0.445458 0.00100667
2072 3.08619e-05 -0.445458 0.00100667
2073 3.07076e-05 -0.445458 0.00100667
2074 3.05541e-05 -0.445458 0.00100667
2075 3.04013e-05 -0.445458 0.00100667
2076 3.02493e-05 -0.445458 0.00100667
2077 3.00981e-05 -0.445458 0.00100667
2078 2.99476e-05 -0.445458 0.00100667
2079 2.97978e-05 -0.445458 0.00100667
2080 2.96489e-05 -0.445458 0.00100667
2081 2.95006e-05 -0.445458 0.00100667
2082 2.93531e-05 -0.445458 0.00100667
2083 2.92063e-05 -0.445458 0.00100667
2084 2.90603e-05 -0.445458 0.00100667
2085 2.8915e-05 -0.445458 0.00100667
2086 2.87704e-05 -0.445458 0.00100667
2087 2.86266e-05 -0.445458 0.00100667
2088 2.84835e-05 -0.445458 0.00100667
2089 2.8341e-05 -0.445458 0.00100667
2090 2.81993e-05 -0.445458 0.00100667
2091 2.80583e-05 -0.445458 0.00100667
2092 2.7918e-05 -0.445458 0.00100667
2093 2.77784e-05 -0.445458 0.00100667
2094 2.76396e-05 -0.445458 0.00100667
2095 2.75014e-05 -0.445458 0.00100667
2096 2.73639e-05 -0.445458 0.00100667
2097 2.7227e-05 -0.445458 0.00100667
2098 2.70909e-05 -0.445458 0.00100667
2099 2.69554e-05 -0.445458 0.00100667
2100 2.68207e-05 -0.445458 0.00100667
2101 2.66866e-05 -0.445458 0.00100667
2102 2.65531e-05 -0.445458 0.00100667
2103 2.64204e-05 -0.445458 0.00100667
2104 2.62883e-05 -0.445458 0.00100667
2105 2.61568e-05 -0.445458 0.00100667
2106 2.6026e-05 -0.445458 0.00100667
2107 2.58959e-05 -0.445458 0.00100667
2108 2.57664e-05 -0.445458 0.00100667
2109 2.56376e-05 -0.445458 0.00100667
2110 2.55094e-05 -0.445458 0.00100667
2111 2.53819e-05 -0.445458 0.00100667
2112 2.5255e-05 -0.445458 0.00100667
2113 2.51287e-05 -0.445458 0.00100667
2114 2.5003e-05 -0.445458 0.00100667
2115 2.4878e-05 -0.445458 0.00100667
2116 2.47536e-05 -0.445458 0.00100667
2117 2.46299e-05 -0.445458 0.00100667
2118 2.45067e-05 -0.445458 0.00100667
2119 2.43842e-05 -0.445458 0.00100667
2120 2.42623e-05 -0.445458 0.00100667
2121 2.41409e-05 -0.445458 0.00100667
2122 2.40202e-05 -0.445458 0.00100667
2123 2.39001e-05 -0.445458 0.00100667
2124 2.37806e-05 -0.445458 0.00100667
2125 2.36617e-05 -0.445458 0.00100667
2126 2.35434e-05 -0.445458 0.00100667
2127 2.34257e-05 -0.445458 0.00100667
2128 2.33086e-05 -0.445458 0.00100667
2129 2.3192e-05 -0.445458 0.00100667
2130 2.30761e-05 -0.445458 0.00100667
2131 2.29607e-05 -0.445458 0.00100667
2132 2.28459e-05 -0.445458 0.00100667
2133 2.27317e-05 -0.445458 0.00100667
2134 2.2618e-05 -0.445458 0.00100667
2135 2.25049e-05 -0.445458 0.00100667
2136 2.23924e-05 -0.445458 0.00100667
2137 2.22804e-05 -0.445458 0.00100667
2138 2.2169e-05 -0.445458 0.00100667
2139 2.20582e-05 -0.445458 0.00100667
2140 2.19479e-05 -0.445458 0.00100667
2141 2.18382e-05 -0.445458 0.00100667
2142 2.1729e-05 -0.445458 0.00100667
2143 2.16203e-05 -0.445458 0.00100667
2144 2.15122e-05 -0.445458 0.00100667
2145 2.14047e-05 -0.445458 0.00100667
2146 2.12976e-05 -0.445458 0.00100667
2147 2.11911e-05 -0.445458 0.00100667
2148 2.10852e-05 -0.445458 0.00100667
2149 2.09798e-05 -0.445458 0.00100667
2150 2.08749e-05 -0.445458 0.00100667
2151 2.07705e-05 -0.445458 0.00100667
2152 2.06666e-05 -0.445458 0.00100667
2153 2.05633e-05 -0.445458 0.00100667
2154 2.04605e-05 -0.445458 0.00100667
2155 2.03582e-05 -0.445458 0.00100667
2156 2.02564e-05 -0.445458 0.00100667
2157 2.01551e-05 -0.445458 0.00100667
2158 2.00543e-05 -0.445458 0.00100667
2159 1.99541e-05 -0.445458 0.00100667
2160 1.98543e-05 -0.445458 0.00100667
2161 1.9755e-05 -0.445458 0.00100667
2162 1.96562e-05 -0.445458 0.00100667
2163 1.9558e-05 -0.445458 0.00100667
2164 1.94602e-05 -0.445458 0.00100667
2165 1.93629e-05 -0.445458 0.00100667
2166 1.92661e-05 -0.445458 0.00100667
2167 1.91697e-05 -0.445458 0.00100667
2168 1.90739e-05 -0.445458 0.00100667
2169 1.89785e-05 -0.445458 0.00100667
2170 1.88836e-05 -0.445458 0.00100667
2171 1.87892e-05 -0.445458 0.00100667
2172 1.86953e-05 -0.445458 0.00100667
2173 1.86018e-05 -0.445458 0.00100667
2174 1.85088e-05 -0.445458 0.00100667
2175 1.84162e-05 -0.445458 0.00100667
2176 1.83241e-05 -0.445458 0.00100667
2177 1.82325e-05 -0.445458 0.00100667
2178 1.81414e-05 -0.445458 0.00100667
2179 1.80507e-05 -0.445458 0.00100667
2180 1.79604e-05 -0.445458 0.00100667
2181 1.78706e-05 -0.445458 0.00100667
2182 1.77812e-05 -0.445458 0.00100667
2183 1.76923e-05 -0.445458 0.00100667
2184 1.76039e-05 -0.445458 0.00100667
2185 1.75159e-05 -0.445458 0.00100667
2186 1.74283e-05 -0.445458 0.00100667
2187 1.73411e-05 -0.445458 0.00100667
2188 1.72544e-05 -0.445458 0.00100667
2189 1.71682e-05 -0.445458 0.00100667
2190 1.70823e-05 -0.445458 0.00100667
2191 1.69969e-05 -0.445458 0.00100667
2192 1.69119e-05 -0.445458 0.00100667
2193 1.68274e-05 -0.445458 0.00100667
2194 1.67432e-05 -0.445458 0.00100667
2195 1.66595e-05 -0.445458 0.00100667
2196 1.65762e-05 -0.445458 0.00100667
2197 1.64933e-05 -0.445458 0.00100667
2198 1.64109e-05 -0.445458 0.00100667
2199 1.63288e-05 -0.445458 0.00100667
2200 1.62472e-05 -0.445458 0.00100667
2201 1.61659e-05 -0.445458 0.00100667
2202 1.60851e-05 -0.445458 0.00100667
2203 1.60047e-05 -0.445458 0.00100667
2204 1.59247e-05 -0.445458 0.00100667
2205 1.5845e-05 -0.445458 0.00100667
2206 1.57658e-05 -0.445458 0.00100667
2207 1.5687e-05 -0.445458 0.00100667
2208 1.56085e-05 -0.445458 0.00100667
2209 1.55305e-05 -0.445458 0.00100667
2210 1.54528e-05 -0.445458 0.00100667
2211 1.53756e-05 -0.445458 0.00100667
2212 1.52987e-05 -0.445458 0.00100667
2213 1.52222e-05 -0.445458 0.00100667
2214 1.51461e-05 -0.445458 0.00100667
2215 1.50704e-05 -0.445458 0.00100667
2216 1.4995e-05 -0.445458 0.00100667
2217 1.492e-05 -0.445458 0.00100667
2218 1.48454e-05 -0.445458 0.00100667
2219 1.47712e-05 -0.445458 0.00100667
2220 1.46974e-05 -0.445458 0.00100667
2221 1.46239e-05 -0.445458 0.00100667
2222 1.45508e-05 -0.445458 0.00100667
2223 1.4478e-05 -0.445458 0.00100667
2224 1.44056e-05 -0.445458 0.00100667
2225 1.43336e-05 -0.445458 0.00100667
2226 1.42619e-05 -0.445458 0.00100667
2227 1.41906e-05 -0.445458 0.00100667
2228 1.41196e-05 -0.445458 0.00100667
2229 1.40491e-05 -0.445458 0.00100667
2230 1.39788e-05 -0.445458 0.00100667
2231 1.39089e-05 -0.445458 0.00100667
2232 1.38394e-05 -0.445458 0.00100667
2233 1.37702e-05 -0.445458 0.00100667
2234 1.37013e-05 -0.445458 0.00100667
2235 1.36328e-05 -0.445458 0.00100667
2236 1.35646e-05 -0.445458 0.00100667
2237 1.34968e-05 -0.445458 0.00100667
2238 1.34293e-05 -0.445458 0.00100667
2239 1.33622e-05 -0.445458 0.00100667
2240 1.32954e-05 -0.445458 0.00100667
2241 1.32289e-05 -0.445458 0.00100667
2242 1.31628e-05 -0.445458 0.00100667
2243 1.30969e-05 -0.445458 0.00100667
2244 1.30315e-05 -0.445458 0.00100667
2245 1.29663e-05 -0.445458 0.00100667
2246 1.29015e-05 -0.445458 0.00100667
2247 1.2837e-05 -0.445458 0.00100667
2248 1.27728e-05 -0.445458 0.00100667
2249 1.27089e-05 -0.445458 0.00100667
2250 1.26454e-05 -0.445458 0.00100667
2251 1.25821e-05 -0.445458 0.00100667
2252 1.25192e-05 -0.445458 0.00100667
2253 1.24566e-05 -0.445458 0.00100667
2254 1.23944e-05 -0.445458 0.00100667
2255 1.23324e-05 -0.445458 0.00100667
2256 1.22707e-05 -0.445458 0.00100667
2257 1.22094e-05 -0.445458 0.00100667
2258 1.21483e-05 -0.445458 0.00100667
2259 1.20876e-05 -0.445458 0.00100667
2260 1.20271e-05 -0.445458 0.00100667
2261 1.1967e-05 -0.445458 0.00100667
2262 1.19072e-05 -0.445458 0.00100667
2263 1.18476e-05 -0.445458 0.00100667
2264 1.17884e-05 -0.445458 0.00100667
2265 1.17295e-05 -0.445458 0.00100667
2266 1.16708e-05 -0.445458 0.00100667
2267 1.16125e-05 -0.445458 0.00100667
2268 1.15544e-05 -0.445458 0.00100667
2269 1.14966e-05 -0.445458 0.00100667
2270 1.14391e-05 -0.445458 0.00100667
2271 1.13819e-05 -0.445458 0.00100667
2272 1.1325e-05 -0.445458 0.00100667
2273 1.12684e-05 -0.445458 0.00100667
2274 1.12121e-05 -0.445458 0.00100667
2275 1.1156e-05 -0.445458 0.00100667
2276 1.11002e-05 -0.445458 0.00100667
2277 1.10447e-05 -0.445458 0.00100667
2278 1.09895e-05 -0.445458 0.00100667
2279 1.09346e-05 -0.445458 0.00100667
2280 1.08799e-05 -0.445458 0.00100667
2281 1.08255e-05 -0.445458 0.00100667
2282 1.07714e-05 -0.445458 0.00100667
2283 1.07175e-05 -0.445458 0.00100667
2284 1.06639e-05 -0.445458 0.00100667
2285 1.06106e-05 -0.445458 0.00100667
2286 1.05575e-05 -0.445458 0.00100667
2287 1.05047e-05 -0.445458 0.00100667
2288 1.04522e-05 -0.445458 0.00100667
2289 1.04e-05 -0.445458 0.00100667
2290 1.0348e-05 -0.445458 0.00100667
2291 1.02962e-05 -0.445458 0.00100667
2292 1.02447e-05 -0.445458 0.00100667
2293 1.01935e-05 -0.445458 0.00100667
2294 1.01426e-05 -0.445458 0.00100667
2295 1.00918e-05 -0.445458 0.00100667
2296 1.00414e-05 -0.445458 0.00100667
