# SA_step Temperature Mu Sigma
0 1 2 1.5
1 0.995 1.90219 1.46135
2 0.990025 1.90219 1.46135
3 0.985075 1.90219 1.46135
4 0.98015 1.85047 1.54755
5 0.975249 1.85047 1.54755
6 0.970373 1.81053 1.58533
7 0.965521 1.81678 1.60064
8 0.960693 1.79565 1.58889
9 0.95589 1.78805 1.65144
10 0.95111 1.78805 1.65144
11 0.946355 1.82481 1.70755
12 0.941623 1.85427 1.67312
13 0.936915 1.85427 1.67312
14 0.93223 1.85427 1.67312
15 0.927569 1.85427 1.67312
16 0.922931 1.85427 1.67312
17 0.918316 1.85427 1.67312
18 0.913725 1.8141 1.64988
19 0.909156 1.73267 1.67413
20 0.90461 1.7145 1.74553
21 0.900087 1.67649 1.70406
22 0.895587 1.67649 1.70406
23 0.891109 1.68822 1.68032
24 0.886654 1.65268 1.61781
25 0.88222 1.65268 1.61781
26 0.877809 1.61058 1.58964
27 0.87342 1.57806 1.56252
28 0.869053 1.53447 1.51326
29 0.864708 1.53447 1.51326
30 0.860384 1.53666 1.56432
31 0.856082 1.53666 1.56432
32 0.851802 1.53666 1.56432
33 0.847543 1.5291 1.55463
34 0.843305 1.53175 1.57751
35 0.839089 1.43763 1.55693
36 0.834893 1.38807 1.58053
37 0.830719 1.29092 1.65402
38 0.826565 1.25996 1.59427
39 0.822432 1.25996 1.59427
40 0.81832 1.30934 1.57871
41 0.814229 1.37853 1.5095
42 0.810157 1.37853 1.5095
43 0.806107 1.37853 1.5095
44 0.802076 1.37853 1.5095
45 0.798066 1.37853 1.5095
46 0.794075 1.37853 1.5095
47 0.790105 1.35592 1.43477
48 0.786154 1.31073 1.43241
49 0.782224 1.22602 1.42507
50 0.778313 1.22602 1.42507
51 0.774421 1.21513 1.37652
52 0.770549 1.1918 1.2795
53 0.766696 1.1918 1.2795
54 0.762863 1.13352 1.31401
55 0.759048 1.13352 1.31401
56 0.755253 1.06609 1.27159
57 0.751477 1.06609 1.27159
58 0.747719 0.999022 1.26944
59 0.743981 0.999022 1.26944
60 0.740261 0.934189 1.3644
61 0.73656 1.02675 1.30026
62 0.732877 1.02675 1.30026
63 0.729212 0.965766 1.3409
64 0.725566 0.893196 1.4275
65 0.721939 0.846015 1.41855
66 0.718329 0.846015 1.41855
67 0.714737 0.753986 1.3783
68 0.711164 0.656572 1.30076
69 0.707608 0.667336 1.22781
70 0.70407 0.575119 1.29728
71 0.700549 0.607893 1.35775
72 0.697047 0.659981 1.3964
73 0.693561 0.659981 1.3964
74 0.690094 0.663301 1.38002
75 0.686643 0.749292 1.31529
76 0.68321 0.749292 1.31529
77 0.679794 0.749292 1.31529
78 0.676395 0.814923 1.33785
79 0.673013 0.848524 1.35752
80 0.669648 0.894635 1.36413
81 0.6663 0.909343 1.45839
82 0.662968 0.846356 1.36684
83 0.659653 0.842248 1.28944
84 0.656355 0.842248 1.28944
85 0.653073 0.815651 1.21839
86 0.649808 0.723517 1.20708
87 0.646559 0.704204 1.15513
88 0.643326 0.704204 1.15513
89 0.640109 0.704204 1.15513
90 0.636909 0.704204 1.15513
91 0.633724 0.790669 1.19844
92 0.630556 0.826322 1.22003
93 0.627403 0.866733 1.20528
94 0.624266 0.831222 1.21855
95 0.621145 0.899453 1.18368
96 0.618039 0.899453 1.18368
97 0.614949 0.899453 1.18368
98 0.611874 0.899453 1.18368
99 0.608815 0.986342 1.10667
100 0.60577 0.945361 1.05248
101 0.602742 0.882878 0.954117
102 0.599728 0.92941 0.910556
103 0.596729 0.976398 0.935125
104 0.593746 0.957174 0.978258
105 0.590777 0.86615 1.01842
106 0.587823 0.956174 0.999634
107 0.584884 0.986754 0.998662
108 0.581959 0.989076 0.905473
109 0.57905 0.989076 0.905473
110 0.576154 0.908072 0.93472
111 0.573274 0.983794 0.88612
112 0.570407 1.02882 0.873901
113 0.567555 0.988251 0.832243
114 0.564717 1.02527 0.876711
115 0.561894 1.02527 0.876711
116 0.559084 1.02527 0.876711
117 0.556289 1.0208 0.954892
118 0.553508 0.939246 0.943881
119 0.55074 0.939246 0.943881
120 0.547986 0.847437 0.866615
121 0.545246 0.822189 0.806796
122 0.54252 0.814908 0.888141
123 0.539808 0.857718 0.893233
124 0.537108 0.831103 0.796546
125 0.534423 0.747804 0.73252
126 0.531751 0.845781 0.695453
127 0.529092 0.824937 0.619071
128 0.526447 0.840206 0.574044
129 0.523814 0.882828 0.603075
130 0.521195 0.931366 0.660369
131 0.518589 0.853168 0.604439
132 0.515996 0.853168 0.604439
133 0.513416 0.940491 0.687414
134 0.510849 0.940491 0.687414
135 0.508295 0.909635 0.710288
136 0.505754 0.842584 0.741975
137 0.503225 0.805526 0.674122
138 0.500709 0.718 0.746531
139 0.498205 0.646079 0.736728
140 0.495714 0.69526 0.78363
141 0.493236 0.641612 0.844596
142 0.490769 0.651989 0.812247
143 0.488316 0.553575 0.768
144 0.485874 0.502453 0.771846
145 0.483445 0.570259 0.710625
146 0.481027 0.589964 0.692436
147 0.478622 0.622296 0.688679
148 0.476229 0.639592 0.642351
149 0.473848 0.599647 0.565884
150 0.471479 0.599647 0.565884
151 0.469121 0.586245 0.582076
152 0.466776 0.63433 0.621203
153 0.464442 0.724703 0.585659
154 0.46212 0.671105 0.48652
155 0.459809 0.685163 0.574057
156 0.45751 0.64084 0.539428
157 0.455222 0.631241 0.509237
158 0.452946 0.553765 0.41964
159 0.450682 0.541894 0.471173
160 0.448428 0.466638 0.448431
161 0.446186 0.476333 0.518578
162 0.443955 0.565759 0.61281
163 0.441735 0.600537 0.584759
164 0.439527 0.572239 0.639846
165 0.437329 0.631671 0.680182
166 0.435142 0.712932 0.629806
167 0.432967 0.631905 0.628244
168 0.430802 0.661579 0.679617
169 0.428648 0.648018 0.614551
170 0.426505 0.619316 0.56774
171 0.424372 0.524833 0.529147
172 0.42225 0.497546 0.51904
173 0.420139 0.446143 0.59917
174 0.418038 0.518541 0.594869
175 0.415948 0.616736 0.663542
176 0.413868 0.639059 0.57874
177 0.411799 0.732651 0.486625
178 0.40974 0.732651 0.486625
179 0.407691 0.661669 0.51106
180 0.405653 0.661669 0.51106
181 0.403625 0.687797 0.527975
182 0.401606 0.663118 0.432561
183 0.399598 0.663118 0.432561
184 0.3976 0.673741 0.460636
185 0.395612 0.692229 0.401715
186 0.393634 0.727227 0.405161
187 0.391666 0.727227 0.405161
188 0.389708 0.763249 0.476834
189 0.387759 0.858869 0.486319
190 0.385821 0.839632 0.505117
191 0.383891 0.866203 0.547988
192 0.381972 0.905175 0.510987
193 0.380062 0.957916 0.531083
194 0.378162 0.858944 0.505447
195 0.376271 0.80817 0.542924
196 0.37439 0.720286 0.525129
197 0.372518 0.769627 0.519977
198 0.370655 0.788148 0.466584
199 0.368802 0.876432 0.556611
200 0.366958 0.916068 0.488079
201 0.365123 0.916068 0.488079
202 0.363297 0.902492 0.550584
203 0.361481 0.902492 0.550584
204 0.359674 0.870656 0.535192
205 0.357875 0.926592 0.560828
206 0.356086 0.872653 0.532533
207 0.354305 0.841654 0.562529
208 0.352534 0.907042 0.602276
209 0.350771 0.909472 0.583167
210 0.349017 0.909472 0.583167
211 0.347272 0.909472 0.583167
212 0.345536 0.874423 0.552039
213 0.343808 0.789664 0.567702
214 0.342089 0.695265 0.549147
215 0.340379 0.603338 0.574472
216 0.338677 0.66467 0.554922
217 0.336983 0.66467 0.554922
218 0.335298 0.66467 0.554922
219 0.333622 0.701588 0.487804
220 0.331954 0.701588 0.487804
221 0.330294 0.618997 0.414696
222 0.328643 0.618997 0.414696
223 0.326999 0.618997 0.414696
224 0.325364 0.545768 0.413322
225 0.323738 0.522662 0.44336
226 0.322119 0.522662 0.44336
227 0.320508 0.465135 0.447099
228 0.318906 0.551062 0.523422
229 0.317311 0.635637 0.534899
230 0.315725 0.703676 0.566726
231 0.314146 0.704883 0.563779
232 0.312575 0.706547 0.516797
233 0.311012 0.69468 0.589794
234 0.309457 0.683579 0.680939
235 0.30791 0.66325 0.679003
236 0.306371 0.694903 0.64204
237 0.304839 0.719416 0.645994
238 0.303315 0.743996 0.589564
239 0.301798 0.817931 0.593397
240 0.300289 0.721833 0.566224
241 0.298788 0.663528 0.578829
242 0.297294 0.710459 0.670204
243 0.295807 0.79556 0.580536
244 0.294328 0.863932 0.625158
245 0.292856 0.812917 0.691984
246 0.291392 0.849135 0.642887
247 0.289935 0.765642 0.647394
248 0.288486 0.705621 0.717349
249 0.287043 0.705621 0.717349
250 0.285608 0.770174 0.791328
251 0.28418 0.741015 0.720119
252 0.282759 0.642355 0.735719
253 0.281345 0.741432 0.797281
254 0.279938 0.685968 0.795189
255 0.278539 0.664245 0.856441
256 0.277146 0.584033 0.772282
257 0.27576 0.661057 0.748372
258 0.274382 0.655284 0.677971
259 0.27301 0.736314 0.730785
260 0.271645 0.685637 0.714233
261 0.270286 0.774625 0.80815
262 0.268935 0.707061 0.724292
263 0.26759 0.772821 0.654782
264 0.266252 0.756402 0.630737
265 0.264921 0.763014 0.555191
266 0.263596 0.831298 0.555385
267 0.262278 0.864558 0.530461
268 0.260967 0.938652 0.565129
269 0.259662 0.938652 0.565129
270 0.258364 0.931494 0.586689
271 0.257072 0.986699 0.521986
272 0.255787 1.0413 0.563326
273 0.254508 1.039 0.490326
274 0.253235 1.05012 0.567898
275 0.251969 1.12817 0.615772
276 0.250709 1.03981 0.591877
277 0.249456 1.00308 0.686884
278 0.248208 1.00308 0.686884
279 0.246967 1.00308 0.686884
280 0.245733 1.00308 0.686884
281 0.244504 1.00308 0.686884
282 0.243281 1.08514 0.607173
283 0.242065 0.999132 0.682569
284 0.240855 0.999132 0.682569
285 0.23965 0.935428 0.700364
286 0.238452 0.936838 0.607145
287 0.23726 0.936838 0.607145
288 0.236074 0.911172 0.699092
289 0.234893 0.889682 0.698927
290 0.233719 0.881197 0.643694
291 0.23255 0.917595 0.584657
292 0.231387 1.0094 0.67269
293 0.23023 1.04866 0.587083
294 0.229079 1.03251 0.570138
295 0.227934 1.00337 0.525466
296 0.226794 0.991389 0.605935
297 0.22566 1.00369 0.603487
298 0.224532 0.943617 0.653739
299 0.223409 1.0018 0.623395
300 0.222292 1.0018 0.623395
301 0.221181 1.05778 0.604946
302 0.220075 1.10632 0.564321
303 0.218974 1.10632 0.564321
304 0.21788 1.10632 0.564321
305 0.21679 1.10632 0.564321
306 0.215706 1.10632 0.564321
307 0.214628 1.10632 0.564321
308 0.213555 1.12118 0.565059
309 0.212487 1.07586 0.53956
310 0.211424 1.05809 0.543579
311 0.210367 1.05059 0.572596
312 0.209315 1.0709 0.539736
313 0.208269 1.0709 0.539736
314 0.207227 1.0709 0.539736
315 0.206191 1.0709 0.539736
316 0.20516 1.08806 0.494969
317 0.204135 1.17396 0.549113
318 0.203114 1.14023 0.584086
319 0.202098 1.09137 0.587373
320 0.201088 1.12547 0.666335
321 0.200082 1.12547 0.666335
322 0.199082 1.12547 0.666335
323 0.198087 1.12547 0.666335
324 0.197096 1.06575 0.722564
325 0.196111 1.03288 0.642173
326 0.19513 1.03288 0.642173
327 0.194154 1.09675 0.546609
328 0.193184 1.09194 0.567581
329 0.192218 1.07192 0.578775
330 0.191257 1.07444 0.676967
331 0.1903 1.04794 0.58642
332 0.189349 1.01614 0.600773
333 0.188402 1.01614 0.600773
334 0.18746 0.984109 0.548183
335 0.186523 0.940205 0.519927
336 0.18559 0.862892 0.596769
337 0.184662 0.88063 0.524173
338 0.183739 0.939252 0.432114
339 0.18282 0.849095 0.432626
340 0.181906 0.849095 0.432626
341 0.180997 0.940128 0.43884
342 0.180092 0.940128 0.43884
343 0.179191 1.0397 0.515152
344 0.178295 1.0397 0.515152
345 0.177404 1.05649 0.429259
346 0.176517 1.05649 0.429259
347 0.175634 1.14464 0.514223
348 0.174756 1.06101 0.505075
349 0.173882 0.994447 0.468373
350 0.173013 0.924357 0.548142
351 0.172148 0.891955 0.617044
352 0.171287 0.961744 0.582971
353 0.170431 0.8647 0.584818
354 0.169578 0.932418 0.644478
355 0.168731 0.956902 0.579457
356 0.167887 0.956902 0.579457
357 0.167047 0.914787 0.525444
358 0.166212 0.914787 0.525444
359 0.165381 0.864737 0.54452
360 0.164554 0.864737 0.54452
361 0.163731 0.881037 0.563209
362 0.162913 0.881037 0.563209
363 0.162098 0.862196 0.580274
364 0.161288 0.794493 0.578366
365 0.160481 0.761269 0.673742
366 0.159679 0.82954 0.685963
367 0.158881 0.82954 0.685963
368 0.158086 0.745766 0.645198
369 0.157296 0.748445 0.661237
370 0.156509 0.725645 0.720742
371 0.155727 0.804409 0.710012
372 0.154948 0.886452 0.687932
373 0.154173 0.886452 0.687932
374 0.153402 0.814314 0.599552
375 0.152635 0.814314 0.599552
376 0.151872 0.825202 0.553539
377 0.151113 0.892887 0.64185
378 0.150357 0.892887 0.64185
379 0.149606 0.799631 0.715719
380 0.148857 0.764956 0.6342
381 0.148113 0.70058 0.546267
382 0.147373 0.70058 0.546267
383 0.146636 0.646578 0.52219
384 0.145903 0.698806 0.562194
385 0.145173 0.602845 0.657656
386 0.144447 0.537226 0.598693
387 0.143725 0.635712 0.566114
388 0.143006 0.695182 0.653917
389 0.142291 0.695182 0.653917
390 0.14158 0.695182 0.653917
391 0.140872 0.695182 0.653917
392 0.140168 0.640869 0.719447
393 0.139467 0.68938 0.714252
394 0.138769 0.687481 0.636163
395 0.138076 0.702753 0.59979
396 0.137385 0.677234 0.625374
397 0.136698 0.724836 0.611969
398 0.136015 0.739369 0.534712
399 0.135335 0.734237 0.526866
400 0.134658 0.815614 0.527711
401 0.133985 0.854048 0.551426
402 0.133315 0.86335 0.603097
403 0.132648 0.81893 0.660569
404 0.131985 0.763054 0.665298
405 0.131325 0.763054 0.665298
406 0.130668 0.736161 0.577813
407 0.130015 0.736161 0.577813
408 0.129365 0.684463 0.577475
409 0.128718 0.684463 0.577475
410 0.128075 0.753156 0.582914
411 0.127434 0.675061 0.663273
412 0.126797 0.689507 0.753408
413 0.126163 0.689507 0.753408
414 0.125532 0.701292 0.777967
415 0.124905 0.760472 0.775861
416 0.12428 0.760472 0.775861
417 0.123659 0.821612 0.704099
418 0.12304 0.821612 0.704099
419 0.122425 0.821612 0.704099
420 0.121813 0.734633 0.794198
421 0.121204 0.808633 0.818193
422 0.120598 0.808633 0.818193
423 0.119995 0.754779 0.766768
424 0.119395 0.671458 0.715462
425 0.118798 0.753805 0.795941
426 0.118204 0.766674 0.733452
427 0.117613 0.73061 0.773507
428 0.117025 0.73061 0.773507
429 0.11644 0.73061 0.773507
430 0.115858 0.701471 0.813635
431 0.115278 0.777842 0.723853
432 0.114702 0.766849 0.629025
433 0.114128 0.794058 0.5575
434 0.113558 0.794058 0.5575
435 0.11299 0.717558 0.601291
436 0.112425 0.743544 0.566263
437 0.111863 0.843166 0.564478
438 0.111304 0.941079 0.56995
439 0.110747 0.980767 0.589886
440 0.110193 0.978792 0.671513
441 0.109642 0.978792 0.671513
442 0.109094 0.978792 0.671513
443 0.108549 0.987919 0.644284
444 0.108006 0.888892 0.70865
445 0.107466 0.94493 0.694842
446 0.106929 0.873395 0.662792
447 0.106394 0.956001 0.622789
448 0.105862 0.919384 0.672768
449 0.105333 0.843733 0.754093
450 0.104806 0.928662 0.738932
451 0.104282 0.899193 0.649439
452 0.103761 0.868111 0.652927
453 0.103242 0.868111 0.652927
454 0.102726 0.781303 0.674007
455 0.102212 0.804269 0.595563
456 0.101701 0.804269 0.595563
457 0.101192 0.804269 0.595563
458 0.100686 0.761636 0.544096
459 0.100183 0.851192 0.534194
460 0.0996821 0.94017 0.502539
461 0.0991837 0.94017 0.502539
462 0.0986878 0.928673 0.508352
463 0.0981943 0.928673 0.508352
464 0.0977034 0.928673 0.508352
465 0.0972148 0.958827 0.597244
466 0.0967288 0.866148 0.672055
467 0.0962451 0.836564 0.690331
468 0.0957639 0.737659 0.66042
469 0.0952851 0.828961 0.623949
470 0.0948086 0.828961 0.623949
471 0.0943346 0.810319 0.672414
472 0.0938629 0.810319 0.672414
473 0.0933936 0.776654 0.770944
474 0.0929266 0.714334 0.847148
475 0.092462 0.655934 0.78325
476 0.0919997 0.619827 0.879265
477 0.0915397 0.6228 0.794542
478 0.091082 0.672345 0.828376
479 0.0906266 0.672337 0.860764
480 0.0901735 0.769779 0.782221
481 0.0897226 0.720049 0.810157
482 0.089274 0.782776 0.716083
483 0.0888276 0.782776 0.716083
484 0.0883835 0.686128 0.619393
485 0.0879416 0.686128 0.619393
486 0.0875019 0.754923 0.697584
487 0.0870643 0.66404 0.654635
488 0.086629 0.73088 0.588187
489 0.0861959 0.808209 0.632496
490 0.0857649 0.808209 0.632496
491 0.0853361 0.82309 0.534827
492 0.0849094 0.879051 0.552685
493 0.0844848 0.879051 0.552685
494 0.0840624 0.865669 0.574978
495 0.0836421 0.837677 0.614788
496 0.0832239 0.750585 0.650061
497 0.0828078 0.697554 0.704117
498 0.0823937 0.747271 0.61034
499 0.0819818 0.751176 0.522916
500 0.0815719 0.763386 0.523924
501 0.081164 0.717271 0.615362
502 0.0807582 0.717271 0.615362
503 0.0803544 0.717271 0.615362
504 0.0799526 0.803488 0.556448
505 0.0795529 0.831914 0.514092
506 0.0791551 0.87536 0.579754
507 0.0787593 0.825761 0.6329
508 0.0783655 0.823329 0.637461
509 0.0779737 0.815696 0.551471
510 0.0775838 0.815696 0.551471
511 0.0771959 0.815696 0.551471
512 0.0768099 0.878922 0.589572
513 0.0764259 0.878922 0.589572
514 0.0760437 0.91615 0.681975
515 0.0756635 0.970921 0.670546
516 0.0752852 1.00925 0.620932
517 0.0749088 0.922827 0.681675
518 0.0745342 0.839691 0.72792
519 0.0741616 0.755638 0.739819
520 0.0737908 0.755638 0.739819
521 0.0734218 0.755638 0.739819
522 0.0730547 0.706073 0.645329
523 0.0726894 0.750542 0.627292
524 0.072326 0.750542 0.627292
525 0.0719643 0.686689 0.714784
526 0.0716045 0.686689 0.714784
527 0.0712465 0.716302 0.68752
528 0.0708903 0.726751 0.651287
529 0.0705358 0.726751 0.651287
530 0.0701831 0.743484 0.57704
531 0.0698322 0.743484 0.57704
532 0.0694831 0.779418 0.648143
533 0.0691356 0.779418 0.648143
534 0.06879 0.779418 0.648143
535 0.068446 0.810684 0.562038
536 0.0681038 0.832349 0.569319
537 0.0677633 0.87403 0.657173
538 0.0674245 0.863538 0.685585
539 0.0670873 0.901469 0.646253
540 0.0667519 0.901469 0.646253
541 0.0664181 0.901469 0.646253
542 0.066086 0.901469 0.646253
543 0.0657556 0.901469 0.646253
544 0.0654268 0.901469 0.646253
545 0.0650997 0.901469 0.646253
546 0.0647742 0.901469 0.646253
547 0.0644503 0.815106 0.60768
548 0.0641281 0.815106 0.60768
549 0.0638074 0.757287 0.688698
550 0.0634884 0.847754 0.769476
551 0.063171 0.77291 0.764312
552 0.0628551 0.700308 0.779578
553 0.0625408 0.700308 0.779578
554 0.0622281 0.719923 0.84266
555 0.061917 0.719923 0.84266
556 0.0616074 0.664362 0.834184
557 0.0612994 0.71282 0.823221
558 0.0609929 0.71282 0.823221
559 0.0606879 0.71282 0.823221
560 0.0603845 0.705478 0.769129
561 0.0600825 0.676202 0.777845
562 0.0597821 0.631591 0.826325
563 0.0594832 0.561675 0.767113
564 0.0591858 0.61687 0.812247
565 0.0588899 0.613065 0.880665
566 0.0585954 0.591399 0.844846
567 0.0583024 0.528027 0.872844
568 0.0580109 0.507914 0.78145
569 0.0577209 0.593016 0.690839
570 0.0574323 0.593016 0.690839
571 0.0571451 0.662827 0.622921
572 0.0568594 0.662827 0.622921
573 0.0565751 0.662827 0.622921
574 0.0562922 0.635639 0.587009
575 0.0560108 0.635639 0.587009
576 0.0557307 0.695393 0.552697
577 0.055452 0.694688 0.589755
578 0.0551748 0.64516 0.571365
579 0.0548989 0.648028 0.608462
580 0.0546244 0.636705 0.559083
581 0.0543513 0.646526 0.580598
582 0.0540795 0.670214 0.670118
583 0.0538091 0.670214 0.670118
584 0.0535401 0.75693 0.684094
585 0.0532724 0.75693 0.684094
586 0.053006 0.726325 0.620446
587 0.052741 0.786414 0.564118
588 0.0524773 0.786414 0.564118
589 0.0522149 0.865216 0.654664
590 0.0519538 0.865216 0.654664
591 0.0516941 0.788617 0.601119
592 0.0514356 0.788617 0.601119
593 0.0511784 0.788617 0.601119
594 0.0509225 0.812917 0.540994
595 0.0506679 0.762129 0.567203
596 0.0504146 0.811078 0.634932
597 0.0501625 0.779685 0.572474
598 0.0499117 0.726844 0.644465
599 0.0496621 0.794559 0.57716
600 0.0494138 0.794272 0.65775
601 0.0491668 0.83467 0.6612
602 0.0489209 0.83467 0.6612
603 0.0486763 0.83467 0.6612
604 0.0484329 0.735072 0.594685
605 0.0481908 0.735072 0.594685
606 0.0479498 0.735072 0.594685
607 0.0477101 0.735072 0.594685
608 0.0474715 0.814797 0.675827
609 0.0472342 0.791674 0.627017
610 0.046998 0.838036 0.60753
611 0.046763 0.838036 0.60753
612 0.0465292 0.825652 0.654371
613 0.0462965 0.866482 0.649295
614 0.0460651 0.866482 0.649295
615 0.0458347 0.866482 0.649295
616 0.0456056 0.866482 0.649295
617 0.0453775 0.866482 0.649295
618 0.0451506 0.889556 0.608361
619 0.0449249 0.889556 0.608361
620 0.0447003 0.832112 0.619652
621 0.0444768 0.832112 0.619652
622 0.0442544 0.909606 0.574162
623 0.0440331 0.86741 0.548907
624 0.0438129 0.86741 0.548907
625 0.0435939 0.932378 0.56302
626 0.0433759 0.932378 0.56302
627 0.043159 0.8569 0.506808
628 0.0429432 0.8033 0.599007
629 0.0427285 0.767854 0.596619
630 0.0425149 0.701363 0.568708
631 0.0423023 0.76982 0.573515
632 0.0420908 0.795397 0.567508
633 0.0418803 0.789369 0.587246
634 0.0416709 0.795363 0.583002
635 0.0414626 0.795363 0.583002
636 0.0412553 0.799243 0.555539
637 0.041049 0.799243 0.555539
638 0.0408437 0.799243 0.555539
639 0.0406395 0.799243 0.555539
640 0.0404363 0.720486 0.583256
641 0.0402341 0.796804 0.575265
642 0.040033 0.796804 0.575265
643 0.0398328 0.796804 0.575265
644 0.0396336 0.742738 0.620709
645 0.0394355 0.800582 0.657225
646 0.0392383 0.800582 0.657225
647 0.0390421 0.8181 0.594021
648 0.0388469 0.826557 0.579577
649 0.0386527 0.826557 0.579577
650 0.0384594 0.826557 0.579577
651 0.0382671 0.826557 0.579577
652 0.0380758 0.826557 0.579577
653 0.0378854 0.826557 0.579577
654 0.037696 0.826557 0.579577
655 0.0375075 0.826557 0.579577
656 0.0373199 0.826557 0.579577
657 0.0371333 0.826557 0.579577
658 0.0369477 0.763633 0.584308
659 0.0367629 0.763633 0.584308
660 0.0365791 0.795903 0.63414
661 0.0363962 0.795903 0.63414
662 0.0362142 0.795903 0.63414
663 0.0360332 0.795903 0.63414
664 0.035853 0.711818 0.666244
665 0.0356737 0.647194 0.59426
666 0.0354954 0.647194 0.59426
667 0.0353179 0.647194 0.59426
668 0.0351413 0.70233 0.556421
669 0.0349656 0.70233 0.556421
670 0.0347908 0.783762 0.586543
671 0.0346168 0.801627 0.635584
672 0.0344437 0.882575 0.592768
673 0.0342715 0.815825 0.543813
674 0.0341002 0.719125 0.60047
675 0.0339297 0.719125 0.60047
676 0.03376 0.725348 0.624587
677 0.0335912 0.738396 0.711208
678 0.0334233 0.799174 0.705466
679 0.0332561 0.709181 0.715919
680 0.0330899 0.717045 0.641448
681 0.0329244 0.698009 0.575584
682 0.0327598 0.659634 0.669858
683 0.032596 0.659634 0.669858
684 0.032433 0.659634 0.669858
685 0.0322708 0.659634 0.669858
686 0.0321095 0.659634 0.669858
687 0.0319489 0.724372 0.719565
688 0.0317892 0.724372 0.719565
689 0.0316303 0.677306 0.761644
690 0.0314721 0.677306 0.761644
691 0.0313147 0.635756 0.794509
692 0.0311582 0.557505 0.779356
693 0.0310024 0.557505 0.779356
694 0.0308474 0.470637 0.756977
695 0.0306931 0.542692 0.722111
696 0.0305397 0.542692 0.722111
697 0.030387 0.568724 0.821797
698 0.030235 0.622605 0.845266
699 0.0300839 0.582399 0.940999
700 0.0299334 0.582399 0.940999
701 0.0297838 0.574505 0.857818
702 0.0296348 0.574505 0.857818
703 0.0294867 0.574505 0.857818
704 0.0293392 0.564242 0.851008
705 0.0291925 0.48468 0.875663
706 0.0290466 0.48468 0.875663
707 0.0289013 0.510325 0.85979
708 0.0287568 0.590809 0.86363
709 0.0286131 0.511303 0.788632
710 0.02847 0.587397 0.828193
711 0.0283276 0.587397 0.828193
712 0.028186 0.587397 0.828193
713 0.0280451 0.587397 0.828193
714 0.0279048 0.587397 0.828193
715 0.0277653 0.550667 0.75713
716 0.0276265 0.550667 0.75713
717 0.0274884 0.575057 0.770383
718 0.0273509 0.53985 0.687158
719 0.0272142 0.576383 0.719159
720 0.0270781 0.63549 0.779154
721 0.0269427 0.63549 0.779154
722 0.026808 0.601214 0.74407
723 0.026674 0.652042 0.798611
724 0.0265406 0.652042 0.798611
725 0.0264079 0.66174 0.834818
726 0.0262758 0.635762 0.765101
727 0.0261445 0.690507 0.755466
728 0.0260137 0.690507 0.755466
729 0.0258837 0.61504 0.823089
730 0.0257543 0.655654 0.798657
731 0.0256255 0.649421 0.819309
732 0.0254974 0.649421 0.819309
733 0.0253699 0.649421 0.819309
734 0.025243 0.647408 0.776213
735 0.0251168 0.647408 0.776213
736 0.0249912 0.673809 0.791684
737 0.0248663 0.767432 0.792697
738 0.0247419 0.767432 0.792697
739 0.0246182 0.718631 0.70544
740 0.0244951 0.707821 0.634806
741 0.0243727 0.699775 0.646026
742 0.0242508 0.699775 0.646026
743 0.0241295 0.699775 0.646026
744 0.0240089 0.699775 0.646026
745 0.0238888 0.695269 0.575172
746 0.0237694 0.785112 0.669874
747 0.0236506 0.785112 0.669874
748 0.0235323 0.785112 0.669874
749 0.0234146 0.785112 0.669874
750 0.0232976 0.774549 0.65059
751 0.0231811 0.774549 0.65059
752 0.0230652 0.71112 0.669181
753 0.0229498 0.71112 0.669181
754 0.0228351 0.71112 0.669181
755 0.0227209 0.71112 0.669181
756 0.0226073 0.71112 0.669181
757 0.0224943 0.71112 0.669181
758 0.0223818 0.785006 0.670752
759 0.0222699 0.785006 0.670752
760 0.0221586 0.838604 0.663386
761 0.0220478 0.838604 0.663386
762 0.0219375 0.838604 0.663386
763 0.0218278 0.833023 0.587791
764 0.0217187 0.796695 0.654247
765 0.0216101 0.85828 0.576459
766 0.021502 0.836 0.652515
767 0.0213945 0.836 0.652515
768 0.0212876 0.836 0.652515
769 0.0211811 0.836 0.652515
770 0.0210752 0.836 0.652515
771 0.0209698 0.836 0.652515
772 0.020865 0.836 0.652515
773 0.0207607 0.78134 0.602766
774 0.0206569 0.78134 0.602766
775 0.0205536 0.78134 0.602766
776 0.0204508 0.78134 0.602766
777 0.0203486 0.78134 0.602766
778 0.0202468 0.78134 0.602766
779 0.0201456 0.78134 0.602766
780 0.0200449 0.78134 0.602766
781 0.0199446 0.815128 0.578115
782 0.0198449 0.815128 0.578115
783 0.0197457 0.832569 0.647364
784 0.019647 0.789952 0.677867
785 0.0195487 0.789952 0.677867
786 0.019451 0.789952 0.677867
787 0.0193537 0.721184 0.703395
788 0.019257 0.716398 0.659225
789 0.0191607 0.718735 0.592954
790 0.0190649 0.679515 0.59411
791 0.0189695 0.698343 0.603513
792 0.0188747 0.698343 0.603513
793 0.0187803 0.738411 0.61522
794 0.0186864 0.738411 0.61522
795 0.018593 0.738411 0.61522
796 0.0185 0.792602 0.604679
797 0.0184075 0.814721 0.620837
798 0.0183155 0.814721 0.620837
799 0.0182239 0.814721 0.620837
800 0.0181328 0.814721 0.620837
801 0.0180421 0.795932 0.601647
802 0.0179519 0.775837 0.625559
803 0.0178622 0.845796 0.645117
804 0.0177728 0.845796 0.645117
805 0.017684 0.757156 0.652348
806 0.0175956 0.76606 0.627441
807 0.0175076 0.76606 0.627441
808 0.01742 0.76606 0.627441
809 0.0173329 0.704362 0.707332
810 0.0172463 0.802756 0.665847
811 0.01716 0.802756 0.665847
812 0.0170742 0.870653 0.615865
813 0.0169889 0.870653 0.615865
814 0.0169039 0.80782 0.577153
815 0.0168194 0.80782 0.577153
816 0.0167353 0.80782 0.577153
817 0.0166516 0.80782 0.577153
818 0.0165684 0.790319 0.634601
819 0.0164855 0.790319 0.634601
820 0.0164031 0.790319 0.634601
821 0.0163211 0.790319 0.634601
822 0.0162395 0.77284 0.633324
823 0.0161583 0.815096 0.650973
824 0.0160775 0.815096 0.650973
825 0.0159971 0.847416 0.58423
826 0.0159171 0.822134 0.582588
827 0.0158375 0.822134 0.582588
828 0.0157584 0.822134 0.582588
829 0.0156796 0.822134 0.582588
830 0.0156012 0.822134 0.582588
831 0.0155232 0.835646 0.633275
832 0.0154455 0.835646 0.633275
833 0.0153683 0.835646 0.633275
834 0.0152915 0.808665 0.600924
835 0.015215 0.770798 0.612874
836 0.0151389 0.784989 0.675803
837 0.0150632 0.78173 0.668917
838 0.0149879 0.792257 0.590158
839 0.014913 0.792257 0.590158
840 0.0148384 0.792257 0.590158
841 0.0147642 0.792257 0.590158
842 0.0146904 0.792257 0.590158
843 0.014617 0.792257 0.590158
844 0.0145439 0.837068 0.583525
845 0.0144712 0.837068 0.583525
846 0.0143988 0.782377 0.617404
847 0.0143268 0.782377 0.617404
848 0.0142552 0.782377 0.617404
849 0.0141839 0.782377 0.617404
850 0.014113 0.782377 0.617404
851 0.0140424 0.782377 0.617404
852 0.0139722 0.782377 0.617404
853 0.0139023 0.782377 0.617404
854 0.0138328 0.782377 0.617404
855 0.0137637 0.782377 0.617404
856 0.0136948 0.756424 0.57897
857 0.0136264 0.756424 0.57897
858 0.0135582 0.756424 0.57897
859 0.0134904 0.774708 0.627414
860 0.013423 0.774708 0.627414
861 0.0133559 0.774708 0.627414
862 0.0132891 0.774708 0.627414
863 0.0132227 0.762669 0.643807
864 0.0131565 0.762669 0.643807
865 0.0130908 0.762669 0.643807
866 0.0130253 0.762669 0.643807
867 0.0129602 0.762669 0.643807
868 0.0128954 0.762669 0.643807
869 0.0128309 0.850915 0.573195
870 0.0127667 0.836548 0.631314
871 0.0127029 0.836548 0.631314
872 0.0126394 0.836548 0.631314
873 0.0125762 0.836548 0.631314
874 0.0125133 0.836548 0.631314
875 0.0124508 0.836548 0.631314
876 0.0123885 0.836548 0.631314
877 0.0123266 0.78579 0.608946
878 0.0122649 0.78579 0.608946
879 0.0122036 0.78579 0.608946
880 0.0121426 0.78579 0.608946
881 0.0120819 0.78579 0.608946
882 0.0120215 0.715848 0.621245
883 0.0119614 0.715848 0.621245
884 0.0119015 0.715848 0.621245
885 0.011842 0.73357 0.642143
886 0.0117828 0.762894 0.657558
887 0.0117239 0.762894 0.657558
888 0.0116653 0.762894 0.657558
889 0.011607 0.762894 0.657558
890 0.0115489 0.762894 0.657558
891 0.0114912 0.762894 0.657558
892 0.0114337 0.762894 0.657558
893 0.0113766 0.762894 0.657558
894 0.0113197 0.840842 0.644526
895 0.0112631 0.757209 0.669175
896 0.0112068 0.757209 0.669175
897 0.0111507 0.757209 0.669175
898 0.011095 0.757209 0.669175
899 0.0110395 0.754523 0.718907
900 0.0109843 0.695284 0.654666
901 0.0109294 0.695284 0.654666
902 0.0108747 0.695284 0.654666
903 0.0108204 0.695284 0.654666
904 0.0107663 0.695284 0.654666
905 0.0107124 0.723938 0.644119
906 0.0106589 0.782383 0.671966
907 0.0106056 0.694151 0.595858
908 0.0105525 0.694151 0.595858
909 0.0104998 0.650387 0.646179
910 0.0104473 0.650387 0.646179
911 0.010395 0.735008 0.729292
912 0.0103431 0.739694 0.6313
913 0.0102914 0.739694 0.6313
914 0.0102399 0.816628 0.59942
915 0.0101887 0.816628 0.59942
916 0.0101378 0.816628 0.59942
917 0.0100871 0.816628 0.59942
918 0.0100366 0.816628 0.59942
919 0.00998645 0.816628 0.59942
920 0.00993652 0.816628 0.59942
921 0.00988684 0.816628 0.59942
922 0.0098374 0.831698 0.588338
923 0.00978822 0.787945 0.594704
924 0.00973927 0.787945 0.594704
925 0.00969058 0.787945 0.594704
926 0.00964213 0.73869 0.611663
927 0.00959391 0.813887 0.608714
928 0.00954595 0.813887 0.608714
929 0.00949822 0.813887 0.608714
930 0.00945072 0.813887 0.608714
931 0.00940347 0.813887 0.608714
932 0.00935645 0.813887 0.608714
933 0.00930967 0.813887 0.608714
934 0.00926312 0.813887 0.608714
935 0.00921681 0.813887 0.608714
936 0.00917072 0.813887 0.608714
937 0.00912487 0.813887 0.608714
938 0.00907925 0.813887 0.608714
939 0.00903385 0.813887 0.608714
940 0.00898868 0.813887 0.608714
941 0.00894374 0.813887 0.608714
942 0.00889902 0.813887 0.608714
943 0.00885452 0.813887 0.608714
944 0.00881025 0.813887 0.608714
945 0.0087662 0.813887 0.608714
946 0.00872237 0.813887 0.608714
947 0.00867876 0.813887 0.608714
948 0.00863536 0.813887 0.608714
949 0.00859219 0.813887 0.608714
950 0.00854922 0.842183 0.612404
951 0.00850648 0.842183 0.612404
952 0.00846395 0.842183 0.612404
953 0.00842163 0.842183 0.612404
954 0.00837952 0.842183 0.612404
955 0.00833762 0.842183 0.612404
956 0.00829593 0.842183 0.612404
957 0.00825445 0.842183 0.612404
958 0.00821318 0.842183 0.612404
959 0.00817211 0.842183 0.612404
960 0.00813125 0.842183 0.612404
961 0.0080906 0.830126 0.618213
962 0.00805014 0.830126 0.618213
963 0.00800989 0.735789 0.620479
964 0.00796984 0.735789 0.620479
965 0.00793 0.735789 0.620479
966 0.00789035 0.735789 0.620479
967 0.00785089 0.735789 0.620479
968 0.00781164 0.735789 0.620479
969 0.00777258 0.735789 0.620479
970 0.00773372 0.735789 0.620479
971 0.00769505 0.735789 0.620479
972 0.00765657 0.729232 0.664195
973 0.00761829 0.797753 0.611245
974 0.0075802 0.797753 0.611245
975 0.0075423 0.797753 0.611245
976 0.00750459 0.797753 0.611245
977 0.00746706 0.797753 0.611245
978 0.00742973 0.797753 0.611245
979 0.00739258 0.797753 0.611245
980 0.00735562 0.797753 0.611245
981 0.00731884 0.797753 0.611245
982 0.00728225 0.797753 0.611245
983 0.00724583 0.797753 0.611245
984 0.0072096 0.797753 0.611245
985 0.00717356 0.797753 0.611245
986 0.00713769 0.797753 0.611245
987 0.007102 0.797753 0.611245
988 0.00706649 0.797753 0.611245
989 0.00703116 0.80224 0.593261
990 0.006996 0.80224 0.593261
991 0.00696102 0.739939 0.574037
992 0.00692622 0.739939 0.574037
993 0.00689159 0.739939 0.574037
994 0.00685713 0.739939 0.574037
995 0.00682284 0.735429 0.60259
996 0.00678873 0.735429 0.60259
997 0.00675478 0.735429 0.60259
998 0.00672101 0.787743 0.618193
999 0.00668741 0.787743 0.618193
1000 0.00665397 0.787743 0.618193
1001 0.0066207 0.787743 0.618193
1002 0.0065876 0.765015 0.578389
1003 0.00655466 0.765015 0.578389
1004 0.00652188 0.765015 0.578389
1005 0.00648927 0.743734 0.628411
1006 0.00645683 0.782725 0.607653
1007 0.00642454 0.818333 0.615998
1008 0.00639242 0.818333 0.615998
1009 0.00636046 0.818333 0.615998
1010 0.00632866 0.818333 0.615998
1011 0.00629701 0.818333 0.615998
1012 0.00626553 0.818333 0.615998
1013 0.0062342 0.818333 0.615998
1014 0.00620303 0.818333 0.615998
1015 0.00617201 0.818333 0.615998
1016 0.00614115 0.818333 0.615998
1017 0.00611045 0.818333 0.615998
1018 0.0060799 0.818333 0.615998
1019 0.0060495 0.818333 0.615998
1020 0.00601925 0.818333 0.615998
1021 0.00598915 0.818333 0.615998
1022 0.00595921 0.818333 0.615998
1023 0.00592941 0.818333 0.615998
1024 0.00589976 0.818333 0.615998
1025 0.00587027 0.818333 0.615998
1026 0.00584091 0.818333 0.615998
1027 0.00581171 0.818333 0.615998
1028 0.00578265 0.795552 0.620152
1029 0.00575374 0.795552 0.620152
1030 0.00572497 0.795552 0.620152
1031 0.00569634 0.795552 0.620152
1032 0.00566786 0.79699 0.598962
1033 0.00563952 0.79699 0.598962
1034 0.00561133 0.79699 0.598962
1035 0.00558327 0.791511 0.627034
1036 0.00555535 0.791511 0.627034
1037 0.00552758 0.791511 0.627034
1038 0.00549994 0.791511 0.627034
1039 0.00547244 0.791511 0.627034
1040 0.00544508 0.791511 0.627034
1041 0.00541785 0.791511 0.627034
1042 0.00539076 0.791511 0.627034
1043 0.00536381 0.791511 0.627034
1044 0.00533699 0.791511 0.627034
1045 0.0053103 0.791511 0.627034
1046 0.00528375 0.791511 0.627034
1047 0.00525733 0.801125 0.626859
1048 0.00523105 0.801125 0.626859
1049 0.00520489 0.801125 0.626859
1050 0.00517887 0.801125 0.626859
1051 0.00515297 0.801125 0.626859
1052 0.00512721 0.801125 0.626859
1053 0.00510157 0.801125 0.626859
1054 0.00507606 0.801125 0.626859
1055 0.00505068 0.801125 0.626859
1056 0.00502543 0.801125 0.626859
1057 0.0050003 0.801125 0.626859
1058 0.0049753 0.801125 0.626859
1059 0.00495043 0.801125 0.626859
1060 0.00492567 0.801125 0.626859
1061 0.00490104 0.801125 0.626859
1062 0.00487654 0.801125 0.626859
1063 0.00485216 0.801125 0.626859
1064 0.0048279 0.801125 0.626859
1065 0.00480376 0.801125 0.626859
1066 0.00477974 0.801125 0.626859
1067 0.00475584 0.801125 0.626859
1068 0.00473206 0.801125 0.626859
1069 0.0047084 0.801125 0.626859
1070 0.00468486 0.801125 0.626859
1071 0.00466143 0.801125 0.626859
1072 0.00463813 0.801125 0.626859
1073 0.00461494 0.801125 0.626859
1074 0.00459186 0.801125 0.626859
1075 0.0045689 0.788884 0.621616
1076 0.00454606 0.788884 0.621616
1077 0.00452333 0.788884 0.621616
1078 0.00450071 0.788884 0.621616
1079 0.00447821 0.788884 0.621616
1080 0.00445582 0.788884 0.621616
1081 0.00443354 0.788884 0.621616
1082 0.00441137 0.813289 0.619127
1083 0.00438931 0.813289 0.619127
1084 0.00436737 0.813289 0.619127
1085 0.00434553 0.813289 0.619127
1086 0.0043238 0.813289 0.619127
1087 0.00430218 0.813289 0.619127
1088 0.00428067 0.813289 0.619127
1089 0.00425927 0.813289 0.619127
1090 0.00423797 0.813289 0.619127
1091 0.00421678 0.813289 0.619127
1092 0.0041957 0.813289 0.619127
1093 0.00417472 0.813289 0.619127
1094 0.00415385 0.813289 0.619127
1095 0.00413308 0.813289 0.619127
1096 0.00411241 0.813289 0.619127
1097 0.00409185 0.813289 0.619127
1098 0.00407139 0.813289 0.619127
1099 0.00405103 0.813289 0.619127
1100 0.00403078 0.81513 0.604211
1101 0.00401062 0.81513 0.604211
1102 0.00399057 0.81513 0.604211
1103 0.00397062 0.81513 0.604211
1104 0.00395076 0.81513 0.604211
1105 0.00393101 0.81513 0.604211
1106 0.00391136 0.81513 0.604211
1107 0.0038918 0.81513 0.604211
1108 0.00387234 0.81513 0.604211
1109 0.00385298 0.81513 0.604211
1110 0.00383371 0.81513 0.604211
1111 0.00381454 0.81513 0.604211
1112 0.00379547 0.81513 0.604211
1113 0.00377649 0.801349 0.635678
1114 0.00375761 0.801349 0.635678
1115 0.00373882 0.841492 0.610956
1116 0.00372013 0.841492 0.610956
1117 0.00370153 0.841492 0.610956
1118 0.00368302 0.741768 0.629545
1119 0.00366461 0.741768 0.629545
1120 0.00364628 0.741768 0.629545
1121 0.00362805 0.750726 0.629533
1122 0.00360991 0.753806 0.621753
1123 0.00359186 0.753806 0.621753
1124 0.0035739 0.795786 0.61943
1125 0.00355603 0.795786 0.61943
1126 0.00353825 0.795786 0.61943
1127 0.00352056 0.795786 0.61943
1128 0.00350296 0.795786 0.61943
1129 0.00348544 0.795786 0.61943
1130 0.00346802 0.785534 0.612372
1131 0.00345068 0.817729 0.613868
1132 0.00343342 0.817729 0.613868
1133 0.00341626 0.817729 0.613868
1134 0.00339918 0.817729 0.613868
1135 0.00338218 0.817729 0.613868
1136 0.00336527 0.817729 0.613868
1137 0.00334844 0.817729 0.613868
1138 0.0033317 0.817729 0.613868
1139 0.00331504 0.817729 0.613868
1140 0.00329847 0.817729 0.613868
1141 0.00328197 0.817729 0.613868
1142 0.00326556 0.817729 0.613868
1143 0.00324924 0.817729 0.613868
1144 0.00323299 0.817729 0.613868
1145 0.00321683 0.817729 0.613868
1146 0.00320074 0.817729 0.613868
1147 0.00318474 0.817729 0.613868
1148 0.00316881 0.817729 0.613868
1149 0.00315297 0.795214 0.609751
1150 0.0031372 0.795214 0.609751
1151 0.00312152 0.795214 0.609751
1152 0.00310591 0.795214 0.609751
1153 0.00309038 0.795214 0.609751
1154 0.00307493 0.795214 0.609751
1155 0.00305955 0.795214 0.609751
1156 0.00304426 0.795214 0.609751
1157 0.00302904 0.795214 0.609751
1158 0.00301389 0.795214 0.609751
1159 0.00299882 0.795214 0.609751
1160 0.00298383 0.795214 0.609751
1161 0.00296891 0.795214 0.609751
1162 0.00295406 0.795214 0.609751
1163 0.00293929 0.789298 0.641508
1164 0.0029246 0.789298 0.641508
1165 0.00290997 0.789298 0.641508
1166 0.00289542 0.789298 0.641508
1167 0.00288095 0.789298 0.641508
1168 0.00286654 0.789298 0.641508
1169 0.00285221 0.789298 0.641508
1170 0.00283795 0.789298 0.641508
1171 0.00282376 0.789298 0.641508
1172 0.00280964 0.790846 0.631013
1173 0.00279559 0.790846 0.631013
1174 0.00278161 0.790846 0.631013
1175 0.00276771 0.790846 0.631013
1176 0.00275387 0.790846 0.631013
1177 0.0027401 0.790846 0.631013
1178 0.0027264 0.790846 0.631013
1179 0.00271277 0.790846 0.631013
1180 0.0026992 0.790846 0.631013
1181 0.00268571 0.790846 0.631013
1182 0.00267228 0.790846 0.631013
1183 0.00265892 0.790846 0.631013
1184 0.00264562 0.790846 0.631013
1185 0.00263239 0.790846 0.631013
1186 0.00261923 0.80817 0.617755
1187 0.00260613 0.80817 0.617755
1188 0.0025931 0.791081 0.624079
1189 0.00258014 0.791081 0.624079
1190 0.00256724 0.791081 0.624079
1191 0.0025544 0.791081 0.624079
1192 0.00254163 0.791081 0.624079
1193 0.00252892 0.791081 0.624079
1194 0.00251628 0.791081 0.624079
1195 0.0025037 0.791081 0.624079
1196 0.00249118 0.791081 0.624079
1197 0.00247872 0.791081 0.624079
1198 0.00246633 0.791081 0.624079
1199 0.002454 0.795647 0.617687
1200 0.00244173 0.795647 0.617687
1201 0.00242952 0.800025 0.624679
1202 0.00241737 0.800025 0.624679
1203 0.00240528 0.800025 0.624679
1204 0.00239326 0.800025 0.624679
1205 0.00238129 0.800025 0.624679
1206 0.00236938 0.800025 0.624679
1207 0.00235754 0.785567 0.610777
1208 0.00234575 0.785567 0.610777
1209 0.00233402 0.785567 0.610777
1210 0.00232235 0.785567 0.610777
1211 0.00231074 0.785567 0.610777
1212 0.00229918 0.785567 0.610777
1213 0.00228769 0.785567 0.610777
1214 0.00227625 0.785567 0.610777
1215 0.00226487 0.785567 0.610777
1216 0.00225354 0.785567 0.610777
1217 0.00224228 0.785567 0.610777
1218 0.00223107 0.785567 0.610777
1219 0.00221991 0.785567 0.610777
1220 0.00220881 0.785567 0.610777
1221 0.00219777 0.785567 0.610777
1222 0.00218678 0.785567 0.610777
1223 0.00217584 0.785567 0.610777
1224 0.00216496 0.785567 0.610777
1225 0.00215414 0.785567 0.610777
1226 0.00214337 0.785567 0.610777
1227 0.00213265 0.785567 0.610777
1228 0.00212199 0.785567 0.610777
1229 0.00211138 0.785567 0.610777
1230 0.00210082 0.785567 0.610777
1231 0.00209032 0.771015 0.615771
1232 0.00207987 0.771015 0.615771
1233 0.00206947 0.771015 0.615771
1234 0.00205912 0.771015 0.615771
1235 0.00204882 0.771015 0.615771
1236 0.00203858 0.771015 0.615771
1237 0.00202839 0.771015 0.615771
1238 0.00201825 0.771015 0.615771
1239 0.00200815 0.771015 0.615771
1240 0.00199811 0.791191 0.605723
1241 0.00198812 0.791191 0.605723
1242 0.00197818 0.791191 0.605723
1243 0.00196829 0.791191 0.605723
1244 0.00195845 0.791191 0.605723
1245 0.00194866 0.791191 0.605723
1246 0.00193891 0.791191 0.605723
1247 0.00192922 0.791191 0.605723
1248 0.00191957 0.791191 0.605723
1249 0.00190998 0.791191 0.605723
1250 0.00190043 0.791191 0.605723
1251 0.00189092 0.791191 0.605723
1252 0.00188147 0.791191 0.605723
1253 0.00187206 0.791191 0.605723
1254 0.0018627 0.791191 0.605723
1255 0.00185339 0.791191 0.605723
1256 0.00184412 0.791191 0.605723
1257 0.0018349 0.791191 0.605723
1258 0.00182573 0.791191 0.605723
1259 0.0018166 0.791191 0.605723
1260 0.00180751 0.791191 0.605723
1261 0.00179848 0.791191 0.605723
1262 0.00178948 0.791191 0.605723
1263 0.00178054 0.791191 0.605723
1264 0.00177163 0.791191 0.605723
1265 0.00176278 0.791191 0.605723
1266 0.00175396 0.791191 0.605723
1267 0.00174519 0.791191 0.605723
1268 0.00173647 0.791191 0.605723
1269 0.00172778 0.791191 0.605723
1270 0.00171915 0.791191 0.605723
1271 0.00171055 0.791191 0.605723
1272 0.001702 0.791191 0.605723
1273 0.00169349 0.791191 0.605723
1274 0.00168502 0.791191 0.605723
1275 0.00167659 0.791191 0.605723
1276 0.00166821 0.791191 0.605723
1277 0.00165987 0.791191 0.605723
1278 0.00165157 0.791191 0.605723
1279 0.00164331 0.791191 0.605723
1280 0.0016351 0.791191 0.605723
1281 0.00162692 0.791191 0.605723
1282 0.00161879 0.791191 0.605723
1283 0.00161069 0.791191 0.605723
1284 0.00160264 0.791191 0.605723
1285 0.00159463 0.791191 0.605723
1286 0.00158665 0.791191 0.605723
1287 0.00157872 0.791191 0.605723
1288 0.00157083 0.791191 0.605723
1289 0.00156297 0.791191 0.605723
1290 0.00155516 0.791191 0.605723
1291 0.00154738 0.791191 0.605723
1292 0.00153964 0.791191 0.605723
1293 0.00153195 0.791191 0.605723
1294 0.00152429 0.791191 0.605723
1295 0.00151666 0.791191 0.605723
1296 0.00150908 0.791191 0.605723
1297 0.00150154 0.791191 0.605723
1298 0.00149403 0.791191 0.605723
1299 0.00148656 0.791191 0.605723
1300 0.00147913 0.791191 0.605723
1301 0.00147173 0.791191 0.605723
1302 0.00146437 0.791191 0.605723
1303 0.00145705 0.791191 0.605723
1304 0.00144976 0.791191 0.605723
1305 0.00144252 0.791191 0.605723
1306 0.0014353 0.791191 0.605723
1307 0.00142813 0.791191 0.605723
1308 0.00142099 0.791191 0.605723
1309 0.00141388 0.791191 0.605723
1310 0.00140681 0.791191 0.605723
1311 0.00139978 0.791191 0.605723
1312 0.00139278 0.791191 0.605723
1313 0.00138581 0.791191 0.605723
1314 0.00137889 0.791191 0.605723
1315 0.00137199 0.791191 0.605723
1316 0.00136513 0.791191 0.605723
1317 0.00135831 0.791191 0.605723
1318 0.00135151 0.791191 0.605723
1319 0.00134476 0.791191 0.605723
1320 0.00133803 0.791191 0.605723
1321 0.00133134 0.791191 0.605723
1322 0.00132469 0.791191 0.605723
1323 0.00131806 0.791191 0.605723
1324 0.00131147 0.791191 0.605723
1325 0.00130491 0.791191 0.605723
1326 0.00129839 0.791191 0.605723
1327 0.0012919 0.791191 0.605723
1328 0.00128544 0.791191 0.605723
1329 0.00127901 0.791191 0.605723
1330 0.00127262 0.791191 0.605723
1331 0.00126625 0.791191 0.605723
1332 0.00125992 0.791191 0.605723
1333 0.00125362 0.791191 0.605723
1334 0.00124735 0.79867 0.632348
1335 0.00124112 0.79867 0.632348
1336 0.00123491 0.79867 0.632348
1337 0.00122874 0.79867 0.632348
1338 0.00122259 0.79867 0.632348
1339 0.00121648 0.79867 0.632348
1340 0.0012104 0.79867 0.632348
1341 0.00120435 0.79867 0.632348
1342 0.00119832 0.79867 0.632348
1343 0.00119233 0.79867 0.632348
1344 0.00118637 0.79867 0.632348
1345 0.00118044 0.79867 0.632348
1346 0.00117454 0.79867 0.632348
1347 0.00116866 0.79867 0.632348
1348 0.00116282 0.79867 0.632348
1349 0.00115701 0.79867 0.632348
1350 0.00115122 0.79867 0.632348
1351 0.00114547 0.79867 0.632348
1352 0.00113974 0.79867 0.632348
1353 0.00113404 0.79867 0.632348
1354 0.00112837 0.79867 0.632348
1355 0.00112273 0.79867 0.632348
1356 0.00111711 0.79867 0.632348
1357 0.00111153 0.79867 0.632348
1358 0.00110597 0.79867 0.632348
1359 0.00110044 0.79867 0.632348
1360 0.00109494 0.79867 0.632348
1361 0.00108946 0.79867 0.632348
1362 0.00108402 0.79867 0.632348
1363 0.0010786 0.79867 0.632348
1364 0.0010732 0.79867 0.632348
1365 0.00106784 0.79867 0.632348
1366 0.0010625 0.787132 0.618215
1367 0.00105719 0.787132 0.618215
1368 0.0010519 0.787132 0.618215
1369 0.00104664 0.787132 0.618215
1370 0.00104141 0.787132 0.618215
1371 0.0010362 0.787132 0.618215
1372 0.00103102 0.787132 0.618215
1373 0.00102586 0.787132 0.618215
1374 0.00102073 0.787132 0.618215
1375 0.00101563 0.787132 0.618215
1376 0.00101055 0.787132 0.618215
1377 0.0010055 0.787132 0.618215
1378 0.00100047 0.787132 0.618215
1379 0.00099547 0.787132 0.618215
1380 0.000990493 0.787132 0.618215
1381 0.000985541 0.787132 0.618215
1382 0.000980613 0.787132 0.618215
1383 0.00097571 0.787132 0.618215
1384 0.000970831 0.792063 0.628051
1385 0.000965977 0.792063 0.628051
1386 0.000961147 0.792063 0.628051
1387 0.000956341 0.792063 0.628051
1388 0.00095156 0.792063 0.628051
1389 0.000946802 0.792063 0.628051
1390 0.000942068 0.792063 0.628051
1391 0.000937358 0.792063 0.628051
1392 0.000932671 0.792063 0.628051
1393 0.000928007 0.792063 0.628051
1394 0.000923367 0.792063 0.628051
1395 0.000918751 0.792063 0.628051
1396 0.000914157 0.792063 0.628051
1397 0.000909586 0.792063 0.628051
1398 0.000905038 0.792063 0.628051
1399 0.000900513 0.792063 0.628051
1400 0.00089601 0.792063 0.628051
1401 0.00089153 0.792063 0.628051
1402 0.000887073 0.792063 0.628051
1403 0.000882637 0.792063 0.628051
1404 0.000878224 0.792063 0.628051
1405 0.000873833 0.792063 0.628051
1406 0.000869464 0.792063 0.628051
1407 0.000865117 0.792063 0.628051
1408 0.000860791 0.792063 0.628051
1409 0.000856487 0.792063 0.628051
1410 0.000852205 0.792063 0.628051
1411 0.000847944 0.792063 0.628051
1412 0.000843704 0.792063 0.628051
1413 0.000839485 0.792063 0.628051
1414 0.000835288 0.792063 0.628051
1415 0.000831111 0.792063 0.628051
1416 0.000826956 0.792063 0.628051
1417 0.000822821 0.792063 0.628051
1418 0.000818707 0.789677 0.606231
1419 0.000814613 0.789677 0.606231
1420 0.00081054 0.789677 0.606231
1421 0.000806488 0.794009 0.602153
1422 0.000802455 0.794009 0.602153
1423 0.000798443 0.794009 0.602153
1424 0.000794451 0.794009 0.602153
1425 0.000790479 0.81848 0.619512
1426 0.000786526 0.81848 0.619512
1427 0.000782593 0.81848 0.619512
1428 0.000778681 0.81848 0.619512
1429 0.000774787 0.81848 0.619512
1430 0.000770913 0.81848 0.619512
1431 0.000767059 0.81848 0.619512
1432 0.000763223 0.81848 0.619512
1433 0.000759407 0.81848 0.619512
1434 0.00075561 0.81848 0.619512
1435 0.000751832 0.81848 0.619512
1436 0.000748073 0.81848 0.619512
1437 0.000744333 0.81848 0.619512
1438 0.000740611 0.81848 0.619512
1439 0.000736908 0.81848 0.619512
1440 0.000733223 0.81848 0.619512
1441 0.000729557 0.81848 0.619512
1442 0.000725909 0.81848 0.619512
1443 0.00072228 0.81848 0.619512
1444 0.000718668 0.81848 0.619512
1445 0.000715075 0.81848 0.619512
1446 0.0007115 0.81848 0.619512
1447 0.000707942 0.81848 0.619512
1448 0.000704403 0.81848 0.619512
1449 0.000700881 0.81848 0.619512
1450 0.000697376 0.81848 0.619512
1451 0.000693889 0.81848 0.619512
1452 0.00069042 0.81848 0.619512
1453 0.000686968 0.81848 0.619512
1454 0.000683533 0.81848 0.619512
1455 0.000680115 0.81848 0.619512
1456 0.000676715 0.809624 0.605279
1457 0.000673331 0.809624 0.605279
1458 0.000669964 0.809624 0.605279
1459 0.000666615 0.809624 0.605279
1460 0.000663282 0.809624 0.605279
1461 0.000659965 0.809624 0.605279
1462 0.000656665 0.809624 0.605279
1463 0.000653382 0.809624 0.605279
1464 0.000650115 0.809624 0.605279
1465 0.000646864 0.809624 0.605279
1466 0.00064363 0.809624 0.605279
1467 0.000640412 0.809624 0.605279
1468 0.00063721 0.809624 0.605279
1469 0.000634024 0.809624 0.605279
1470 0.000630854 0.809624 0.605279
1471 0.000627699 0.809624 0.605279
1472 0.000624561 0.809624 0.605279
1473 0.000621438 0.809624 0.605279
1474 0.000618331 0.809624 0.605279
1475 0.000615239 0.809624 0.605279
1476 0.000612163 0.809624 0.605279
1477 0.000609102 0.809624 0.605279
1478 0.000606057 0.809624 0.605279
1479 0.000603027 0.809624 0.605279
1480 0.000600011 0.809624 0.605279
1481 0.000597011 0.809624 0.605279
1482 0.000594026 0.809624 0.605279
1483 0.000591056 0.809624 0.605279
1484 0.000588101 0.809624 0.605279
1485 0.00058516 0.809624 0.605279
1486 0.000582235 0.809624 0.605279
1487 0.000579323 0.809624 0.605279
1488 0.000576427 0.809624 0.605279
1489 0.000573545 0.809624 0.605279
1490 0.000570677 0.809624 0.605279
1491 0.000567824 0.809624 0.605279
1492 0.000564984 0.809624 0.605279
1493 0.000562159 0.809624 0.605279
1494 0.000559349 0.809624 0.605279
1495 0.000556552 0.809624 0.605279
1496 0.000553769 0.809624 0.605279
1497 0.000551 0.809624 0.605279
1498 0.000548245 0.809624 0.605279
1499 0.000545504 0.807325 0.623093
1500 0.000542777 0.807325 0.623093
1501 0.000540063 0.807325 0.623093
1502 0.000537362 0.807325 0.623093
1503 0.000534676 0.807325 0.623093
1504 0.000532002 0.807325 0.623093
1505 0.000529342 0.807325 0.623093
1506 0.000526695 0.807325 0.623093
1507 0.000524062 0.807325 0.623093
1508 0.000521442 0.807325 0.623093
1509 0.000518834 0.807325 0.623093
1510 0.00051624 0.807325 0.623093
1511 0.000513659 0.807325 0.623093
1512 0.000511091 0.807325 0.623093
1513 0.000508535 0.807325 0.623093
1514 0.000505993 0.807325 0.623093
1515 0.000503463 0.807325 0.623093
1516 0.000500945 0.80935 0.606892
1517 0.000498441 0.80935 0.606892
1518 0.000495948 0.80935 0.606892
1519 0.000493469 0.80935 0.606892
1520 0.000491001 0.80935 0.606892
1521 0.000488546 0.80935 0.606892
1522 0.000486104 0.801197 0.611382
1523 0.000483673 0.801197 0.611382
1524 0.000481255 0.803112 0.630938
1525 0.000478849 0.803112 0.630938
1526 0.000476454 0.803112 0.630938
1527 0.000474072 0.803112 0.630938
1528 0.000471702 0.803112 0.630938
1529 0.000469343 0.803112 0.630938
1530 0.000466996 0.803112 0.630938
1531 0.000464661 0.803112 0.630938
1532 0.000462338 0.803112 0.630938
1533 0.000460026 0.803112 0.630938
1534 0.000457726 0.803112 0.630938
1535 0.000455438 0.803112 0.630938
1536 0.00045316 0.803112 0.630938
1537 0.000450895 0.803112 0.630938
1538 0.00044864 0.803112 0.630938
1539 0.000446397 0.803112 0.630938
1540 0.000444165 0.803112 0.630938
1541 0.000441944 0.803112 0.630938
1542 0.000439734 0.803112 0.630938
1543 0.000437536 0.803112 0.630938
1544 0.000435348 0.803112 0.630938
1545 0.000433171 0.803112 0.630938
1546 0.000431006 0.803112 0.630938
1547 0.00042885 0.803112 0.630938
1548 0.000426706 0.803112 0.630938
1549 0.000424573 0.803112 0.630938
1550 0.00042245 0.803112 0.630938
1551 0.000420338 0.803112 0.630938
1552 0.000418236 0.803112 0.630938
1553 0.000416145 0.803112 0.630938
1554 0.000414064 0.803112 0.630938
1555 0.000411994 0.803112 0.630938
1556 0.000409934 0.803112 0.630938
1557 0.000407884 0.803112 0.630938
1558 0.000405845 0.803112 0.630938
1559 0.000403815 0.803112 0.630938
1560 0.000401796 0.803112 0.630938
1561 0.000399787 0.803112 0.630938
1562 0.000397788 0.803112 0.630938
1563 0.000395799 0.803112 0.630938
1564 0.00039382 0.803112 0.630938
1565 0.000391851 0.803112 0.630938
1566 0.000389892 0.803112 0.630938
1567 0.000387943 0.803112 0.630938
1568 0.000386003 0.803112 0.630938
1569 0.000384073 0.803112 0.630938
1570 0.000382153 0.803112 0.630938
1571 0.000380242 0.803112 0.630938
1572 0.000378341 0.803112 0.630938
1573 0.000376449 0.803112 0.630938
1574 0.000374567 0.803112 0.630938
1575 0.000372694 0.803112 0.630938
1576 0.00037083 0.803112 0.630938
1577 0.000368976 0.803112 0.630938
1578 0.000367131 0.803112 0.630938
1579 0.000365296 0.803112 0.630938
1580 0.000363469 0.803112 0.630938
1581 0.000361652 0.803112 0.630938
1582 0.000359844 0.803112 0.630938
1583 0.000358044 0.803112 0.630938
1584 0.000356254 0.803112 0.630938
1585 0.000354473 0.803112 0.630938
1586 0.0003527 0.803112 0.630938
1587 0.000350937 0.803112 0.630938
1588 0.000349182 0.803112 0.630938
1589 0.000347436 0.803112 0.630938
1590 0.000345699 0.803112 0.630938
1591 0.000343971 0.803112 0.630938
1592 0.000342251 0.803112 0.630938
1593 0.00034054 0.803112 0.630938
1594 0.000338837 0.803112 0.630938
1595 0.000337143 0.803112 0.630938
1596 0.000335457 0.803112 0.630938
1597 0.00033378 0.803112 0.630938
1598 0.000332111 0.803112 0.630938
1599 0.00033045 0.803112 0.630938
1600 0.000328798 0.803112 0.630938
1601 0.000327154 0.803112 0.630938
1602 0.000325518 0.803112 0.630938
1603 0.000323891 0.803112 0.630938
1604 0.000322271 0.803112 0.630938
1605 0.00032066 0.803112 0.630938
1606 0.000319057 0.803112 0.630938
1607 0.000317461 0.803112 0.630938
1608 0.000315874 0.803112 0.630938
1609 0.000314295 0.803112 0.630938
1610 0.000312723 0.803112 0.630938
1611 0.00031116 0.803112 0.630938
1612 0.000309604 0.803112 0.630938
1613 0.000308056 0.803112 0.630938
1614 0.000306515 0.803112 0.630938
1615 0.000304983 0.803112 0.630938
1616 0.000303458 0.803112 0.630938
1617 0.000301941 0.803112 0.630938
1618 0.000300431 0.803112 0.630938
1619 0.000298929 0.803112 0.630938
1620 0.000297434 0.803112 0.630938
1621 0.000295947 0.803112 0.630938
1622 0.000294467 0.803112 0.630938
1623 0.000292995 0.803112 0.630938
1624 0.00029153 0.803112 0.630938
1625 0.000290072 0.803112 0.630938
1626 0.000288622 0.803112 0.630938
1627 0.000287179 0.803112 0.630938
1628 0.000285743 0.803112 0.630938
1629 0.000284314 0.803112 0.630938
1630 0.000282893 0.803112 0.630938
1631 0.000281478 0.803112 0.630938
1632 0.000280071 0.803112 0.630938
1633 0.00027867 0.803112 0.630938
1634 0.000277277 0.803112 0.630938
1635 0.000275891 0.803112 0.630938
1636 0.000274511 0.803112 0.630938
1637 0.000273139 0.803112 0.630938
1638 0.000271773 0.803112 0.630938
1639 0.000270414 0.803112 0.630938
1640 0.000269062 0.803112 0.630938
1641 0.000267717 0.803112 0.630938
1642 0.000266378 0.803112 0.630938
1643 0.000265046 0.803112 0.630938
1644 0.000263721 0.803112 0.630938
1645 0.000262402 0.803112 0.630938
1646 0.00026109 0.803112 0.630938
1647 0.000259785 0.803112 0.630938
1648 0.000258486 0.803112 0.630938
1649 0.000257194 0.803112 0.630938
1650 0.000255908 0.803112 0.630938
1651 0.000254628 0.803112 0.630938
1652 0.000253355 0.803112 0.630938
1653 0.000252088 0.803112 0.630938
1654 0.000250828 0.803112 0.630938
1655 0.000249574 0.803112 0.630938
1656 0.000248326 0.803112 0.630938
1657 0.000247084 0.795748 0.607804
1658 0.000245849 0.795748 0.607804
1659 0.000244619 0.795748 0.607804
1660 0.000243396 0.795748 0.607804
1661 0.000242179 0.795748 0.607804
1662 0.000240968 0.795748 0.607804
1663 0.000239764 0.795748 0.607804
1664 0.000238565 0.795748 0.607804
1665 0.000237372 0.795748 0.607804
1666 0.000236185 0.795748 0.607804
1667 0.000235004 0.795748 0.607804
1668 0.000233829 0.795748 0.607804
1669 0.00023266 0.795748 0.607804
1670 0.000231497 0.795748 0.607804
1671 0.000230339 0.795748 0.607804
1672 0.000229188 0.795748 0.607804
1673 0.000228042 0.795748 0.607804
1674 0.000226901 0.795748 0.607804
1675 0.000225767 0.795748 0.607804
1676 0.000224638 0.795748 0.607804
1677 0.000223515 0.795748 0.607804
1678 0.000222397 0.795748 0.607804
1679 0.000221285 0.795748 0.607804
1680 0.000220179 0.795748 0.607804
1681 0.000219078 0.795748 0.607804
1682 0.000217983 0.795748 0.607804
1683 0.000216893 0.795748 0.607804
1684 0.000215808 0.795748 0.607804
1685 0.000214729 0.795748 0.607804
1686 0.000213656 0.795748 0.607804
1687 0.000212587 0.795748 0.607804
1688 0.000211524 0.795748 0.607804
1689 0.000210467 0.795748 0.607804
1690 0.000209414 0.795748 0.607804
1691 0.000208367 0.795748 0.607804
1692 0.000207325 0.795748 0.607804
1693 0.000206289 0.795748 0.607804
1694 0.000205257 0.795748 0.607804
1695 0.000204231 0.795748 0.607804
1696 0.00020321 0.795748 0.607804
1697 0.000202194 0.795748 0.607804
1698 0.000201183 0.795748 0.607804
1699 0.000200177 0.795748 0.607804
1700 0.000199176 0.795748 0.607804
1701 0.00019818 0.795748 0.607804
1702 0.000197189 0.795748 0.607804
1703 0.000196203 0.795748 0.607804
1704 0.000195222 0.795748 0.607804
1705 0.000194246 0.795748 0.607804
1706 0.000193275 0.795748 0.607804
1707 0.000192309 0.795748 0.607804
1708 0.000191347 0.795748 0.607804
1709 0.00019039 0.795748 0.607804
1710 0.000189438 0.795748 0.607804
1711 0.000188491 0.795748 0.607804
1712 0.000187549 0.795748 0.607804
1713 0.000186611 0.795748 0.607804
1714 0.000185678 0.795748 0.607804
1715 0.00018475 0.795748 0.607804
1716 0.000183826 0.795748 0.607804
1717 0.000182907 0.795748 0.607804
1718 0.000181992 0.795748 0.607804
1719 0.000181082 0.795748 0.607804
1720 0.000180177 0.795748 0.607804
1721 0.000179276 0.795748 0.607804
1722 0.00017838 0.795748 0.607804
1723 0.000177488 0.795748 0.607804
1724 0.0001766 0.795748 0.607804
1725 0.000175717 0.795748 0.607804
1726 0.000174839 0.795748 0.607804
1727 0.000173964 0.795748 0.607804
1728 0.000173095 0.795748 0.607804
1729 0.000172229 0.795748 0.607804
1730 0.000171368 0.795748 0.607804
1731 0.000170511 0.795748 0.607804
1732 0.000169659 0.795748 0.607804
1733 0.00016881 0.795748 0.607804
1734 0.000167966 0.795748 0.607804
1735 0.000167126 0.795748 0.607804
1736 0.000166291 0.795748 0.607804
1737 0.000165459 0.795748 0.607804
1738 0.000164632 0.795748 0.607804
1739 0.000163809 0.795748 0.607804
1740 0.00016299 0.795748 0.607804
1741 0.000162175 0.795748 0.607804
1742 0.000161364 0.795748 0.607804
1743 0.000160557 0.795748 0.607804
1744 0.000159754 0.795748 0.607804
1745 0.000158956 0.795748 0.607804
1746 0.000158161 0.795748 0.607804
1747 0.00015737 0.795748 0.607804
1748 0.000156583 0.795748 0.607804
1749 0.0001558 0.795748 0.607804
1750 0.000155021 0.795748 0.607804
1751 0.000154246 0.795748 0.607804
1752 0.000153475 0.795748 0.607804
1753 0.000152708 0.795748 0.607804
1754 0.000151944 0.795748 0.607804
1755 0.000151184 0.795748 0.607804
1756 0.000150428 0.795748 0.607804
1757 0.000149676 0.795748 0.607804
1758 0.000148928 0.795748 0.607804
1759 0.000148183 0.795748 0.607804
1760 0.000147442 0.795748 0.607804
1761 0.000146705 0.795748 0.607804
1762 0.000145972 0.795748 0.607804
1763 0.000145242 0.795748 0.607804
1764 0.000144516 0.795748 0.607804
1765 0.000143793 0.795748 0.607804
1766 0.000143074 0.795748 0.607804
1767 0.000142359 0.795748 0.607804
1768 0.000141647 0.795748 0.607804
1769 0.000140939 0.795748 0.607804
1770 0.000140234 0.795748 0.607804
1771 0.000139533 0.795748 0.607804
1772 0.000138835 0.795748 0.607804
1773 0.000138141 0.795748 0.607804
1774 0.00013745 0.795748 0.607804
1775 0.000136763 0.795748 0.607804
1776 0.000136079 0.795748 0.607804
1777 0.000135399 0.795748 0.607804
1778 0.000134722 0.795748 0.607804
1779 0.000134048 0.795748 0.607804
1780 0.000133378 0.795748 0.607804
1781 0.000132711 0.795748 0.607804
1782 0.000132047 0.795748 0.607804
1783 0.000131387 0.795748 0.607804
1784 0.00013073 0.795748 0.607804
1785 0.000130077 0.795748 0.607804
1786 0.000129426 0.795748 0.607804
1787 0.000128779 0.795748 0.607804
1788 0.000128135 0.795748 0.607804
1789 0.000127495 0.795748 0.607804
1790 0.000126857 0.795748 0.607804
1791 0.000126223 0.795748 0.607804
1792 0.000125592 0.795748 0.607804
1793 0.000124964 0.795748 0.607804
1794 0.000124339 0.795748 0.607804
1795 0.000123717 0.795748 0.607804
1796 0.000123099 0.795748 0.607804
1797 0.000122483 0.795748 0.607804
1798 0.000121871 0.795748 0.607804
1799 0.000121261 0.795748 0.607804
1800 0.000120655 0.795748 0.607804
1801 0.000120052 0.795748 0.607804
1802 0.000119451 0.795748 0.607804
1803 0.000118854 0.795748 0.607804
1804 0.00011826 0.795748 0.607804
1805 0.000117669 0.795748 0.607804
1806 0.00011708 0.795748 0.607804
1807 0.000116495 0.795748 0.607804
1808 0.000115912 0.795748 0.607804
1809 0.000115333 0.795748 0.607804
1810 0.000114756 0.795748 0.607804
1811 0.000114182 0.795748 0.607804
1812 0.000113612 0.795748 0.607804
1813 0.000113043 0.795748 0.607804
1814 0.000112478 0.795748 0.607804
1815 0.000111916 0.795748 0.607804
1816 0.000111356 0.795748 0.607804
1817 0.000110799 0.795748 0.607804
1818 0.000110245 0.795748 0.607804
1819 0.000109694 0.795748 0.607804
1820 0.000109146 0.795748 0.607804
1821 0.0001086 0.795748 0.607804
1822 0.000108057 0.795748 0.607804
1823 0.000107517 0.795748 0.607804
1824 0.000106979 0.795748 0.607804
1825 0.000106444 0.795748 0.607804
1826 0.000105912 0.795748 0.607804
1827 0.000105383 0.795748 0.607804
1828 0.000104856 0.795748 0.607804
1829 0.000104331 0.795748 0.607804
1830 0.00010381 0.795748 0.607804
1831 0.000103291 0.795748 0.607804
1832 0.000102774 0.795748 0.607804
1833 0.00010226 0.795748 0.607804
1834 0.000101749 0.795748 0.607804
1835 0.00010124 0.795748 0.607804
1836 0.000100734 0.795748 0.607804
1837 0.00010023 0.795748 0.607804
1838 9.97292e-05 0.795748 0.607804
1839 9.92306e-05 0.795748 0.607804
1840 9.87344e-05 0.795748 0.607804
1841 9.82407e-05 0.795748 0.607804
1842 9.77495e-05 0.795748 0.607804
1843 9.72608e-05 0.795748 0.607804
1844 9.67745e-05 0.795748 0.607804
1845 9.62906e-05 0.795748 0.607804
1846 9.58092e-05 0.795748 0.607804
1847 9.53301e-05 0.795748 0.607804
1848 9.48535e-05 0.795748 0.607804
1849 9.43792e-05 0.795748 0.607804
1850 9.39073e-05 0.795748 0.607804
1851 9.34378e-05 0.795748 0.607804
1852 9.29706e-05 0.795748 0.607804
1853 9.25057e-05 0.795748 0.607804
1854 9.20432e-05 0.795748 0.607804
1855 9.1583e-05 0.795748 0.607804
1856 9.11251e-05 0.795748 0.607804
1857 9.06694e-05 0.795748 0.607804
1858 9.02161e-05 0.795748 0.607804
1859 8.9765e-05 0.795748 0.607804
1860 8.93162e-05 0.795748 0.607804
1861 8.88696e-05 0.795748 0.607804
1862 8.84253e-05 0.795748 0.607804
1863 8.79831e-05 0.795748 0.607804
1864 8.75432e-05 0.795748 0.607804
1865 8.71055e-05 0.795748 0.607804
1866 8.667e-05 0.795748 0.607804
1867 8.62366e-05 0.795748 0.607804
1868 8.58054e-05 0.795748 0.607804
1869 8.53764e-05 0.795748 0.607804
1870 8.49495e-05 0.795748 0.607804
1871 8.45248e-05 0.795748 0.607804
1872 8.41022e-05 0.795748 0.607804
1873 8.36817e-05 0.795748 0.607804
1874 8.32632e-05 0.795748 0.607804
1875 8.28469e-05 0.795748 0.607804
1876 8.24327e-05 0.795748 0.607804
1877 8.20205e-05 0.795748 0.607804
1878 8.16104e-05 0.795748 0.607804
1879 8.12024e-05 0.795748 0.607804
1880 8.07964e-05 0.795748 0.607804
1881 8.03924e-05 0.795748 0.607804
1882 7.99904e-05 0.795748 0.607804
1883 7.95905e-05 0.795748 0.607804
1884 7.91925e-05 0.795748 0.607804
1885 7.87966e-05 0.795748 0.607804
1886 7.84026e-05 0.795748 0.607804
1887 7.80106e-05 0.795748 0.607804
1888 7.76205e-05 0.795748 0.607804
1889 7.72324e-05 0.795748 0.607804
1890 7.68462e-05 0.795748 0.607804
1891 7.6462e-05 0.795748 0.607804
1892 7.60797e-05 0.795748 0.607804
1893 7.56993e-05 0.795748 0.607804
1894 7.53208e-05 0.795748 0.607804
1895 7.49442e-05 0.795748 0.607804
1896 7.45695e-05 0.795748 0.607804
1897 7.41966e-05 0.795748 0.607804
1898 7.38256e-05 0.795748 0.607804
1899 7.34565e-05 0.795748 0.607804
1900 7.30892e-05 0.795748 0.607804
1901 7.27238e-05 0.795748 0.607804
1902 7.23602e-05 0.795748 0.607804
1903 7.19984e-05 0.795748 0.607804
1904 7.16384e-05 0.795748 0.607804
1905 7.12802e-05 0.795748 0.607804
1906 7.09238e-05 0.795748 0.607804
1907 7.05692e-05 0.795748 0.607804
1908 7.02163e-05 0.806479 0.617797
1909 6.98652e-05 0.806479 0.617797
1910 6.95159e-05 0.806479 0.617797
1911 6.91683e-05 0.806479 0.617797
1912 6.88225e-05 0.806479 0.617797
1913 6.84784e-05 0.806479 0.617797
1914 6.8136e-05 0.806479 0.617797
1915 6.77953e-05 0.806479 0.617797
1916 6.74563e-05 0.806479 0.617797
1917 6.7119e-05 0.806479 0.617797
1918 6.67835e-05 0.806479 0.617797
1919 6.64495e-05 0.806479 0.617797
1920 6.61173e-05 0.806479 0.617797
1921 6.57867e-05 0.806479 0.617797
1922 6.54578e-05 0.806479 0.617797
1923 6.51305e-05 0.806479 0.617797
1924 6.48048e-05 0.806479 0.617797
1925 6.44808e-05 0.806479 0.617797
1926 6.41584e-05 0.806479 0.617797
1927 6.38376e-05 0.806479 0.617797
1928 6.35184e-05 0.806479 0.617797
1929 6.32008e-05 0.806479 0.617797
1930 6.28848e-05 0.806479 0.617797
1931 6.25704e-05 0.806479 0.617797
1932 6.22575e-05 0.806479 0.617797
1933 6.19463e-05 0.806479 0.617797
1934 6.16365e-05 0.806479 0.617797
1935 6.13283e-05 0.806479 0.617797
1936 6.10217e-05 0.806479 0.617797
1937 6.07166e-05 0.806479 0.617797
1938 6.0413e-05 0.806479 0.617797
1939 6.01109e-05 0.806479 0.617797
1940 5.98104e-05 0.806479 0.617797
1941 5.95113e-05 0.806479 0.617797
1942 5.92138e-05 0.806479 0.617797
1943 5.89177e-05 0.806479 0.617797
1944 5.86231e-05 0.806479 0.617797
1945 5.833e-05 0.806479 0.617797
1946 5.80384e-05 0.806479 0.617797
1947 5.77482e-05 0.806479 0.617797
1948 5.74594e-05 0.806479 0.617797
1949 5.71721e-05 0.806479 0.617797
1950 5.68863e-05 0.806479 0.617797
1951 5.66018e-05 0.806479 0.617797
1952 5.63188e-05 0.806479 0.617797
1953 5.60372e-05 0.806479 0.617797
1954 5.5757e-05 0.806479 0.617797
1955 5.54783e-05 0.806479 0.617797
1956 5.52009e-05 0.806479 0.617797
1957 5.49249e-05 0.806479 0.617797
1958 5.46502e-05 0.806479 0.617797
1959 5.4377e-05 0.806479 0.617797
1960 5.41051e-05 0.806479 0.617797
1961 5.38346e-05 0.806479 0.617797
1962 5.35654e-05 0.806479 0.617797
1963 5.32976e-05 0.806479 0.617797
1964 5.30311e-05 0.806479 0.617797
1965 5.27659e-05 0.806479 0.617797
1966 5.25021e-05 0.806479 0.617797
1967 5.22396e-05 0.806479 0.617797
1968 5.19784e-05 0.806479 0.617797
1969 5.17185e-05 0.806479 0.617797
1970 5.14599e-05 0.806479 0.617797
1971 5.12026e-05 0.806479 0.617797
1972 5.09466e-05 0.806479 0.617797
1973 5.06919e-05 0.806479 0.617797
1974 5.04384e-05 0.806479 0.617797
1975 5.01862e-05 0.806479 0.617797
1976 4.99353e-05 0.806479 0.617797
1977 4.96856e-05 0.806479 0.617797
1978 4.94372e-05 0.806479 0.617797
1979 4.919e-05 0.806479 0.617797
1980 4.8944e-05 0.806479 0.617797
1981 4.86993e-05 0.806479 0.617797
1982 4.84558e-05 0.806479 0.617797
1983 4.82136e-05 0.806479 0.617797
1984 4.79725e-05 0.806479 0.617797
1985 4.77326e-05 0.806479 0.617797
1986 4.7494e-05 0.806479 0.617797
1987 4.72565e-05 0.806479 0.617797
1988 4.70202e-05 0.806479 0.617797
1989 4.67851e-05 0.806479 0.617797
1990 4.65512e-05 0.806479 0.617797
1991 4.63184e-05 0.806479 0.617797
1992 4.60868e-05 0.806479 0.617797
1993 4.58564e-05 0.806479 0.617797
1994 4.56271e-05 0.806479 0.617797
1995 4.5399e-05 0.806479 0.617797
1996 4.5172e-05 0.806479 0.617797
1997 4.49461e-05 0.806479 0.617797
1998 4.47214e-05 0.806479 0.617797
1999 4.44978e-05 0.806479 0.617797
2000 4.42753e-05 0.806479 0.617797
2001 4.40539e-05 0.806479 0.617797
2002 4.38337e-05 0.806479 0.617797
2003 4.36145e-05 0.806479 0.617797
2004 4.33964e-05 0.806479 0.617797
2005 4.31794e-05 0.806479 0.617797
2006 4.29635e-05 0.806479 0.617797
2007 4.27487e-05 0.806479 0.617797
2008 4.2535e-05 0.801194 0.615721
2009 4.23223e-05 0.801194 0.615721
2010 4.21107e-05 0.801194 0.615721
2011 4.19001e-05 0.801194 0.615721
2012 4.16906e-05 0.801194 0.615721
2013 4.14822e-05 0.801194 0.615721
2014 4.12748e-05 0.801194 0.615721
2015 4.10684e-05 0.801194 0.615721
2016 4.08631e-05 0.801194 0.615721
2017 4.06587e-05 0.801194 0.615721
2018 4.04554e-05 0.801194 0.615721
2019 4.02532e-05 0.801194 0.615721
2020 4.00519e-05 0.801194 0.615721
2021 3.98516e-05 0.801194 0.615721
2022 3.96524e-05 0.801194 0.615721
2023 3.94541e-05 0.801194 0.615721
2024 3.92568e-05 0.801194 0.615721
2025 3.90606e-05 0.801194 0.615721
2026 3.88653e-05 0.801194 0.615721
2027 3.86709e-05 0.801194 0.615721
2028 3.84776e-05 0.801194 0.615721
2029 3.82852e-05 0.801194 0.615721
2030 3.80938e-05 0.801194 0.615721
2031 3.79033e-05 0.801194 0.615721
2032 3.77138e-05 0.801194 0.615721
2033 3.75252e-05 0.801194 0.615721
2034 3.73376e-05 0.801194 0.615721
2035 3.71509e-05 0.801194 0.615721
2036 3.69651e-05 0.801194 0.615721
2037 3.67803e-05 0.801194 0.615721
2038 3.65964e-05 0.801194 0.615721
2039 3.64134e-05 0.801194 0.615721
2040 3.62314e-05 0.801194 0.615721
2041 3.60502e-05 0.801194 0.615721
2042 3.587e-05 0.801194 0.615721
2043 3.56906e-05 0.801194 0.615721
2044 3.55122e-05 0.801194 0.615721
2045 3.53346e-05 0.801194 0.615721
2046 3.51579e-05 0.801194 0.615721
2047 3.49821e-05 0.801194 0.615721
2048 3.48072e-05 0.801194 0.615721
2049 3.46332e-05 0.801194 0.615721
2050 3.446e-05 0.801194 0.615721
2051 3.42877e-05 0.801194 0.615721
2052 3.41163e-05 0.801194 0.615721
2053 3.39457e-05 0.801194 0.615721
2054 3.3776e-05 0.801194 0.615721
2055 3.36071e-05 0.801194 0.615721
2056 3.34391e-05 0.801194 0.615721
2057 3.32719e-05 0.801194 0.615721
2058 3.31055e-05 0.801194 0.615721
2059 3.294e-05 0.801194 0.615721
2060 3.27753e-05 0.801194 0.615721
2061 3.26114e-05 0.801194 0.615721
2062 3.24483e-05 0.801194 0.615721
2063 3.22861e-05 0.801194 0.615721
2064 3.21247e-05 0.801194 0.615721
2065 3.1964e-05 0.801194 0.615721
2066 3.18042e-05 0.801194 0.615721
2067 3.16452e-05 0.801194 0.615721
2068 3.1487e-05 0.801194 0.615721
2069 3.13295e-05 0.801194 0.615721
2070 3.11729e-05 0.801194 0.615721
2071 3.1017e-05 0.801194 0.615721
2072 3.08619e-05 0.801194 0.615721
2073 3.07076e-05 0.801194 0.615721
2074 3.05541e-05 0.801194 0.615721
2075 3.04013e-05 0.801194 0.615721
2076 3.02493e-05 0.801194 0.615721
2077 3.00981e-05 0.801194 0.615721
2078 2.99476e-05 0.801194 0.615721
2079 2.97978e-05 0.801194 0.615721
2080 2.96489e-05 0.801194 0.615721
2081 2.95006e-05 0.801194 0.615721
2082 2.93531e-05 0.801194 0.615721
2083 2.92063e-05 0.801194 0.615721
2084 2.90603e-05 0.801194 0.615721
2085 2.8915e-05 0.801194 0.615721
2086 2.87704e-05 0.801194 0.615721
2087 2.86266e-05 0.801194 0.615721
2088 2.84835e-05 0.801194 0.615721
2089 2.8341e-05 0.801194 0.615721
2090 2.81993e-05 0.801194 0.615721
2091 2.80583e-05 0.801194 0.615721
2092 2.7918e-05 0.801194 0.615721
2093 2.77784e-05 0.801194 0.615721
2094 2.76396e-05 0.801194 0.615721
2095 2.75014e-05 0.801194 0.615721
2096 2.73639e-05 0.801194 0.615721
2097 2.7227e-05 0.801194 0.615721
2098 2.70909e-05 0.801194 0.615721
2099 2.69554e-05 0.801194 0.615721
2100 2.68207e-05 0.801194 0.615721
2101 2.66866e-05 0.801194 0.615721
2102 2.65531e-05 0.801194 0.615721
2103 2.64204e-05 0.801194 0.615721
2104 2.62883e-05 0.801194 0.615721
2105 2.61568e-05 0.801194 0.615721
2106 2.6026e-05 0.801194 0.615721
2107 2.58959e-05 0.801194 0.615721
2108 2.57664e-05 0.801194 0.615721
2109 2.56376e-05 0.801194 0.615721
2110 2.55094e-05 0.801194 0.615721
2111 2.53819e-05 0.801194 0.615721
2112 2.5255e-05 0.801194 0.615721
2113 2.51287e-05 0.801194 0.615721
2114 2.5003e-05 0.801194 0.615721
2115 2.4878e-05 0.801194 0.615721
2116 2.47536e-05 0.801194 0.615721
2117 2.46299e-05 0.801194 0.615721
2118 2.45067e-05 0.801194 0.615721
2119 2.43842e-05 0.801194 0.615721
2120 2.42623e-05 0.801194 0.615721
2121 2.41409e-05 0.801194 0.615721
2122 2.40202e-05 0.801194 0.615721
2123 2.39001e-05 0.801194 0.615721
2124 2.37806e-05 0.801194 0.615721
2125 2.36617e-05 0.801194 0.615721
2126 2.35434e-05 0.801194 0.615721
2127 2.34257e-05 0.801194 0.615721
2128 2.33086e-05 0.801194 0.615721
2129 2.3192e-05 0.801194 0.615721
2130 2.30761e-05 0.801194 0.615721
2131 2.29607e-05 0.801194 0.615721
2132 2.28459e-05 0.801194 0.615721
2133 2.27317e-05 0.801194 0.615721
2134 2.2618e-05 0.801194 0.615721
2135 2.25049e-05 0.801194 0.615721
2136 2.23924e-05 0.801194 0.615721
2137 2.22804e-05 0.801194 0.615721
2138 2.2169e-05 0.801194 0.615721
2139 2.20582e-05 0.801194 0.615721
2140 2.19479e-05 0.801194 0.615721
2141 2.18382e-05 0.801194 0.615721
2142 2.1729e-05 0.801194 0.615721
2143 2.16203e-05 0.801194 0.615721
2144 2.15122e-05 0.801194 0.615721
2145 2.14047e-05 0.801194 0.615721
2146 2.12976e-05 0.801194 0.615721
2147 2.11911e-05 0.801194 0.615721
2148 2.10852e-05 0.801194 0.615721
2149 2.09798e-05 0.801194 0.615721
2150 2.08749e-05 0.801194 0.615721
2151 2.07705e-05 0.801194 0.615721
2152 2.06666e-05 0.801194 0.615721
2153 2.05633e-05 0.801194 0.615721
2154 2.04605e-05 0.801194 0.615721
2155 2.03582e-05 0.801194 0.615721
2156 2.02564e-05 0.801194 0.615721
2157 2.01551e-05 0.801194 0.615721
2158 2.00543e-05 0.801194 0.615721
2159 1.99541e-05 0.801194 0.615721
2160 1.98543e-05 0.801194 0.615721
2161 1.9755e-05 0.801194 0.615721
2162 1.96562e-05 0.801194 0.615721
2163 1.9558e-05 0.801194 0.615721
2164 1.94602e-05 0.801194 0.615721
2165 1.93629e-05 0.801194 0.615721
2166 1.92661e-05 0.801194 0.615721
2167 1.91697e-05 0.801194 0.615721
2168 1.90739e-05 0.801194 0.615721
2169 1.89785e-05 0.801194 0.615721
2170 1.88836e-05 0.801194 0.615721
2171 1.87892e-05 0.801194 0.615721
2172 1.86953e-05 0.801194 0.615721
2173 1.86018e-05 0.801194 0.615721
2174 1.85088e-05 0.801194 0.615721
2175 1.84162e-05 0.801194 0.615721
2176 1.83241e-05 0.801194 0.615721
2177 1.82325e-05 0.801194 0.615721
2178 1.81414e-05 0.801194 0.615721
2179 1.80507e-05 0.801194 0.615721
2180 1.79604e-05 0.801194 0.615721
2181 1.78706e-05 0.801194 0.615721
2182 1.77812e-05 0.801194 0.615721
2183 1.76923e-05 0.801194 0.615721
2184 1.76039e-05 0.801194 0.615721
2185 1.75159e-05 0.801194 0.615721
2186 1.74283e-05 0.801194 0.615721
2187 1.73411e-05 0.801194 0.615721
2188 1.72544e-05 0.801194 0.615721
2189 1.71682e-05 0.801194 0.615721
2190 1.70823e-05 0.801194 0.615721
2191 1.69969e-05 0.801194 0.615721
2192 1.69119e-05 0.801194 0.615721
2193 1.68274e-05 0.801194 0.615721
2194 1.67432e-05 0.801194 0.615721
2195 1.66595e-05 0.801194 0.615721
2196 1.65762e-05 0.801194 0.615721
2197 1.64933e-05 0.801194 0.615721
2198 1.64109e-05 0.801194 0.615721
2199 1.63288e-05 0.801194 0.615721
2200 1.62472e-05 0.801194 0.615721
2201 1.61659e-05 0.801194 0.615721
2202 1.60851e-05 0.801194 0.615721
2203 1.60047e-05 0.801194 0.615721
2204 1.59247e-05 0.801194 0.615721
2205 1.5845e-05 0.801194 0.615721
2206 1.57658e-05 0.801194 0.615721
2207 1.5687e-05 0.801194 0.615721
2208 1.56085e-05 0.801194 0.615721
2209 1.55305e-05 0.801194 0.615721
2210 1.54528e-05 0.801194 0.615721
2211 1.53756e-05 0.801194 0.615721
2212 1.52987e-05 0.801194 0.615721
2213 1.52222e-05 0.801194 0.615721
2214 1.51461e-05 0.801194 0.615721
2215 1.50704e-05 0.801194 0.615721
2216 1.4995e-05 0.801194 0.615721
2217 1.492e-05 0.801194 0.615721
2218 1.48454e-05 0.801194 0.615721
2219 1.47712e-05 0.801194 0.615721
2220 1.46974e-05 0.801194 0.615721
2221 1.46239e-05 0.801194 0.615721
2222 1.45508e-05 0.801194 0.615721
2223 1.4478e-05 0.801194 0.615721
2224 1.44056e-05 0.801194 0.615721
2225 1.43336e-05 0.801194 0.615721
2226 1.42619e-05 0.801194 0.615721
2227 1.41906e-05 0.801194 0.615721
2228 1.41196e-05 0.801194 0.615721
2229 1.40491e-05 0.801194 0.615721
2230 1.39788e-05 0.801194 0.615721
2231 1.39089e-05 0.801194 0.615721
2232 1.38394e-05 0.801194 0.615721
2233 1.37702e-05 0.801194 0.615721
2234 1.37013e-05 0.801194 0.615721
2235 1.36328e-05 0.801194 0.615721
2236 1.35646e-05 0.801194 0.615721
2237 1.34968e-05 0.801194 0.615721
2238 1.34293e-05 0.801194 0.615721
2239 1.33622e-05 0.801194 0.615721
2240 1.32954e-05 0.801194 0.615721
2241 1.32289e-05 0.801194 0.615721
2242 1.31628e-05 0.801194 0.615721
2243 1.30969e-05 0.801194 0.615721
2244 1.30315e-05 0.801194 0.615721
2245 1.29663e-05 0.801194 0.615721
2246 1.29015e-05 0.801194 0.615721
2247 1.2837e-05 0.801194 0.615721
2248 1.27728e-05 0.801194 0.615721
2249 1.27089e-05 0.801194 0.615721
2250 1.26454e-05 0.801194 0.615721
2251 1.25821e-05 0.801194 0.615721
2252 1.25192e-05 0.801194 0.615721
2253 1.24566e-05 0.801194 0.615721
2254 1.23944e-05 0.801194 0.615721
2255 1.23324e-05 0.801194 0.615721
2256 1.22707e-05 0.801194 0.615721
2257 1.22094e-05 0.801194 0.615721
2258 1.21483e-05 0.801194 0.615721
2259 1.20876e-05 0.801194 0.615721
2260 1.20271e-05 0.801194 0.615721
2261 1.1967e-05 0.801194 0.615721
2262 1.19072e-05 0.801194 0.615721
2263 1.18476e-05 0.801194 0.615721
2264 1.17884e-05 0.801194 0.615721
2265 1.17295e-05 0.801194 0.615721
2266 1.16708e-05 0.801194 0.615721
2267 1.16125e-05 0.801194 0.615721
2268 1.15544e-05 0.801194 0.615721
2269 1.14966e-05 0.801194 0.615721
2270 1.14391e-05 0.801194 0.615721
2271 1.13819e-05 0.801194 0.615721
2272 1.1325e-05 0.801194 0.615721
2273 1.12684e-05 0.801194 0.615721
2274 1.12121e-05 0.801194 0.615721
2275 1.1156e-05 0.801194 0.615721
2276 1.11002e-05 0.801194 0.615721
2277 1.10447e-05 0.801194 0.615721
2278 1.09895e-05 0.801194 0.615721
2279 1.09346e-05 0.801194 0.615721
2280 1.08799e-05 0.801194 0.615721
2281 1.08255e-05 0.801194 0.615721
2282 1.07714e-05 0.801194 0.615721
2283 1.07175e-05 0.801194 0.615721
2284 1.06639e-05 0.801194 0.615721
2285 1.06106e-05 0.801194 0.615721
2286 1.05575e-05 0.801194 0.615721
2287 1.05047e-05 0.801194 0.615721
2288 1.04522e-05 0.801194 0.615721
2289 1.04e-05 0.801194 0.615721
2290 1.0348e-05 0.801194 0.615721
2291 1.02962e-05 0.801194 0.615721
2292 1.02447e-05 0.801194 0.615721
2293 1.01935e-05 0.801194 0.615721
2294 1.01426e-05 0.801194 0.615721
2295 1.00918e-05 0.801194 0.615721
2296 1.00414e-05 0.801194 0.615721
