#     BLOCK:  ACTUAL_PE:     PE_AVE:      ERROR:
           1    -1.43643    -1.43643           0
           2    -1.60742    -1.52193   0.0604561
           3    -1.50547    -1.51644   0.0405523
           4    -1.30941    -1.46468   0.0541674
           5    -1.12477     -1.3967   0.0746663
           6   -0.972714    -1.32604   0.0896257
           7   -0.866892    -1.26044    0.097925
           8   -0.791261     -1.2018    0.101742
           9   -0.734243    -1.14985    0.102849
          10   -0.697464    -1.10461    0.102029
          11   -0.682221    -1.06621   0.0997179
          12   -0.645416    -1.03114   0.0973786
          13   -0.585972   -0.996899   0.0957198
          14   -0.566964   -0.966189   0.0936795
          15   -0.584056   -0.940713   0.0908322
          16   -0.583782   -0.918405   0.0878519
          17   -0.575048   -0.898208   0.0849741
          18   -0.580443   -0.880554   0.0820667
          19    -0.58441   -0.864968   0.0792137
          20   -0.604343   -0.851936   0.0763173
          21   -0.636338    -0.84167   0.0733705
          22   -0.618601    -0.83153   0.0707326
          23   -0.619095   -0.822294   0.0682577
          24   -0.628765    -0.81423   0.0658882
          25   -0.620875   -0.806496    0.063705
          26   -0.612319   -0.799028    0.061691
          27   -0.553077   -0.789918   0.0600749
          28   -0.537999   -0.780921   0.0585992
          29    -0.52474   -0.772087   0.0572406
          30   -0.520358   -0.763696   0.0559442
          31   -0.532324   -0.756233   0.0546351
          32   -0.531042   -0.749196   0.0533791
          33   -0.502578   -0.741722    0.052282
          34   -0.487806   -0.734254   0.0512749
          35   -0.506189   -0.727738   0.0502223
          36   -0.524468   -0.722092   0.0491436
          37   -0.503215   -0.716176   0.0481701
          38   -0.516237   -0.710915    0.047189
          39   -0.524273   -0.706129    0.046221
          40   -0.534143   -0.701829    0.045265
          41   -0.511172   -0.697179   0.0443992
          42   -0.517102   -0.692892   0.0435486
          43    -0.49964   -0.688397   0.0427672
          44   -0.497092   -0.684049   0.0420156
          45   -0.498478   -0.679926   0.0412838
          46   -0.518835   -0.676424   0.0405346
          47   -0.529248   -0.673292   0.0397929
          48   -0.542382   -0.670565   0.0390572
          49   -0.538748   -0.667875   0.0383527
          50   -0.527534   -0.665068   0.0376882
          51   -0.531215   -0.662443   0.0370405
          52   -0.507817    -0.65947   0.0364473
          53   -0.524494   -0.656923   0.0358485
          54   -0.487894   -0.653793    0.035321
          55   -0.515367   -0.651276   0.0347684
          56   -0.506774   -0.648696   0.0342432
          57   -0.491763   -0.645943   0.0337529
          58   -0.486474   -0.643193   0.0332827
          59   -0.460443   -0.640096   0.0328625
          60   -0.434985   -0.636677   0.0324921
          61     -0.4115   -0.632986   0.0321684
          62   -0.413059   -0.629438   0.0318445
          63   -0.422588   -0.626155   0.0315079
          64   -0.439676   -0.623241     0.03115
          65   -0.445374   -0.620505   0.0307907
          66   -0.448495   -0.617899   0.0304343
          67   -0.438877   -0.615227   0.0300971
          68   -0.429683   -0.612498    0.029778
          69   -0.417405   -0.609671   0.0294803
          70   -0.403136    -0.60672   0.0292064
          71   -0.446826   -0.604468   0.0288818
          72   -0.475956   -0.602683   0.0285357
          73   -0.458908   -0.600714   0.0282127
          74   -0.422554   -0.598306    0.027934
          75   -0.425147   -0.595997   0.0276568
          76    -0.42117   -0.593697   0.0273884
          77   -0.435504   -0.591643   0.0271097
          78   -0.450109   -0.589828   0.0268228
          79   -0.429339   -0.587797     0.02656
          80   -0.392143   -0.585351   0.0263404
          81   -0.407681   -0.583157   0.0261064
          82   -0.392945   -0.580838   0.0258909
          83   -0.400588   -0.578666   0.0256698
          84   -0.394821   -0.576477   0.0254574
          85   -0.413899   -0.574565   0.0252296
          86   -0.417781   -0.572742    0.025002
          87    -0.38871   -0.570626    0.024804
          88   -0.403122   -0.568723   0.0245951
          89   -0.427816    -0.56714   0.0243696
          90   -0.432879   -0.565648   0.0241444
          91   -0.372702   -0.563528    0.023972
          92    -0.35448   -0.561255   0.0238189
          93   -0.328654   -0.558754   0.0236938
          94   -0.310912   -0.556118   0.0235879
          95   -0.336953   -0.553811   0.0234522
          96   -0.339219   -0.551575   0.0233142
          97   -0.337827   -0.549372   0.0231777
          98   -0.338521    -0.54722   0.0230409
          99   -0.357723   -0.545306   0.0228875
         100   -0.344327   -0.543296   0.0227467
         101   -0.326473    -0.54115   0.0226226
         102   -0.329726   -0.539077   0.0224955
         103    -0.35362   -0.537276   0.0223491
         104   -0.396524   -0.535923   0.0221751
         105   -0.392624   -0.534558   0.0220059
         106   -0.374919   -0.533052   0.0218497
         107   -0.381563   -0.531636   0.0216914
         108   -0.368837   -0.530129   0.0215428
         109   -0.347505   -0.528453   0.0214102
         110   -0.355426    -0.52688   0.0212733
         111   -0.376864   -0.525529   0.0211245
         112    -0.41136    -0.52451   0.0209605
         113   -0.407203   -0.523471   0.0208007
         114   -0.410301   -0.522479   0.0206419
         115   -0.414693   -0.521541   0.0204837
         116   -0.404327   -0.520531    0.020332
         117   -0.394076    -0.51945    0.020187
         118   -0.381922   -0.518285   0.0200495
         119    -0.37265   -0.517061   0.0199183
         120   -0.389439   -0.515997   0.0197807
         121    -0.40843   -0.515108   0.0196372
         122   -0.407612   -0.514227    0.019496
         123   -0.437378   -0.513602   0.0193475
         124   -0.442456   -0.513029      0.0192
         125   -0.430189   -0.512366   0.0190578
         126   -0.428833   -0.511703   0.0189181
         127   -0.443286   -0.511164   0.0187768
         128   -0.430002    -0.51053   0.0186408
         129   -0.411824   -0.509765    0.018512
         130    -0.38179   -0.508781   0.0183958
         131   -0.386188   -0.507845   0.0182791
         132    -0.38473   -0.506912   0.0181644
         133   -0.383854   -0.505987   0.0180514
         134   -0.398692   -0.505186   0.0179344
         135   -0.377304   -0.504239   0.0178266
         136   -0.362145   -0.503194   0.0177261
         137   -0.369224   -0.502216   0.0176237
         138   -0.422114   -0.501636   0.0175055
         139   -0.458297   -0.501324   0.0173824
         140   -0.420123   -0.500744   0.0172679
         141   -0.384402   -0.499919   0.0171651
         142   -0.353808    -0.49889    0.017075
         143   -0.386525   -0.498104   0.0169737
         144   -0.376555    -0.49726   0.0168768
         145   -0.376952    -0.49643   0.0167808
         146    -0.36984   -0.495563   0.0166882
         147    -0.37213   -0.494724   0.0165958
         148   -0.329618   -0.493608   0.0165211
         149   -0.297116   -0.492289   0.0164628
         150   -0.296854   -0.490986   0.0164045
         151   -0.302195   -0.489736   0.0163435
         152   -0.340178   -0.488752   0.0162655
         153   -0.330911   -0.487721   0.0161919
         154   -0.333201   -0.486717   0.0161178
         155   -0.306879   -0.485557   0.0160555
         156   -0.331461   -0.484569    0.015983
         157   -0.359509   -0.483773    0.015901
         158   -0.369426   -0.483049   0.0158168
         159   -0.378134   -0.482389   0.0157311
         160   -0.389587   -0.481809   0.0156435
         161   -0.368395   -0.481105   0.0155622
         162   -0.378816   -0.480473   0.0154789
         163   -0.353311   -0.479693   0.0154036
         164   -0.351316    -0.47891   0.0153296
         165   -0.340304    -0.47807   0.0152596
         166   -0.388362    -0.47753   0.0151773
         167   -0.428019   -0.477233   0.0150893
         168   -0.416929   -0.476874   0.0150038
         169   -0.378752   -0.476294   0.0149262
         170   -0.357404   -0.475594   0.0148548
         171   -0.391009     -0.4751   0.0147761
         172   -0.418445    -0.47477   0.0146939
         173   -0.403921   -0.474361   0.0146147
         174   -0.404299   -0.473958   0.0145362
         175   -0.413958   -0.473615   0.0144572
         176   -0.359874   -0.472969   0.0143895
         177   -0.356593   -0.472312   0.0143232
         178   -0.384973   -0.471821   0.0142512
         179   -0.395684   -0.471396   0.0141779
         180   -0.389399    -0.47094   0.0141064
         181   -0.384973   -0.470465   0.0140365
         182   -0.400176   -0.470079   0.0139647
         183   -0.403726   -0.469716   0.0138931
         184   -0.386441   -0.469264   0.0138249
         185   -0.369839   -0.468726   0.0137607
         186   -0.391414   -0.468311   0.0136929
         187   -0.410487   -0.468001   0.0136232
         188   -0.401594   -0.467648   0.0135553
         189   -0.405707    -0.46732   0.0134876
         190   -0.453831   -0.467249   0.0134168
         191   -0.463401   -0.467229   0.0133465
         192   -0.488003   -0.467337   0.0132775
         193   -0.488187   -0.467445   0.0132091
         194   -0.502094   -0.467624   0.0131422
         195   -0.433225   -0.467448    0.013076
         196   -0.403689   -0.467122   0.0130133
         197   -0.391175   -0.466737    0.012953
         198   -0.387286   -0.466336   0.0128938
         199   -0.383447   -0.465919   0.0128357
         200   -0.382067     -0.4655   0.0127784
         201   -0.355185   -0.464951   0.0127266
         202   -0.350961   -0.464387   0.0126761
         203   -0.367454   -0.463909   0.0126226
         204   -0.372323    -0.46346   0.0125688
         205   -0.397915    -0.46314   0.0125115
         206   -0.391898   -0.462795   0.0124556
         207   -0.388502   -0.462436   0.0124005
         208   -0.400364   -0.462137   0.0123445
         209   -0.425374   -0.461961   0.0122867
         210   -0.482757    -0.46206   0.0122286
         211   -0.509682   -0.462286   0.0121727
         212   -0.542462   -0.462664   0.0121212
         213   -0.524589   -0.462955   0.0120678
         214   -0.470205   -0.462989   0.0120114
         215   -0.428893    -0.46283   0.0119566
         216    -0.41493   -0.462609   0.0119033
         217   -0.395353   -0.462299   0.0118525
         218   -0.375598   -0.461901   0.0118048
         219     -0.3766   -0.461511   0.0117573
         220   -0.402385   -0.461243   0.0117069
         221   -0.428286   -0.461094   0.0116549
         222   -0.417949   -0.460899    0.011604
         223   -0.396141   -0.460609   0.0115556
         224   -0.424513   -0.460448   0.0115052
         225   -0.425963   -0.460294    0.011455
         226   -0.413244   -0.460086   0.0114063
         227   -0.399682    -0.45982   0.0113591
         228   -0.390532   -0.459516   0.0113134
         229   -0.383777   -0.459185   0.0112688
         230   -0.375295   -0.458821   0.0112257
         231   -0.362548   -0.458404   0.0111848
         232   -0.341027   -0.457898   0.0111481
         233   -0.329001   -0.457345   0.0111139
         234    -0.34007   -0.456844   0.0110777
         235   -0.363969   -0.456448   0.0110376
         236   -0.372996   -0.456095   0.0109965
         237    -0.36279   -0.455701   0.0109572
         238   -0.360315     -0.4553   0.0109185
         239   -0.392745   -0.455039   0.0108759
         240   -0.395214   -0.454789   0.0108335
         241   -0.388614   -0.454515    0.010792
         242   -0.383716   -0.454222   0.0107514
         243   -0.372214   -0.453885   0.0107124
         244   -0.341851   -0.453426   0.0106783
         245   -0.333625   -0.452937   0.0106459
         246   -0.315602   -0.452378   0.0106173
         247   -0.329515   -0.451881    0.010586
         248   -0.347117   -0.451458   0.0105517
         249   -0.373876   -0.451147   0.0105139
         250   -0.393704   -0.450917   0.0104744
         251   -0.386041   -0.450659   0.0104358
         252   -0.373844   -0.450354   0.0103989
         253   -0.391629   -0.450122   0.0103604
         254   -0.394687   -0.449903   0.0103219
         255   -0.378972   -0.449625   0.0102851
         256   -0.370201   -0.449315   0.0102496
         257   -0.401231   -0.449128   0.0102115
         258   -0.407504   -0.448967   0.0101732
         259   -0.407054   -0.448805   0.0101352
         260   -0.387373   -0.448569   0.0100989
         261   -0.381668   -0.448312   0.0100635
         262   -0.398866   -0.448123   0.0100269
         263   -0.385943   -0.447887  0.00999152
         264   -0.376465   -0.447617  0.00995733
         265   -0.341763   -0.447217  0.00992777
         266   -0.339232   -0.446811  0.00989874
         267   -0.338901   -0.446407  0.00986991
         268   -0.335471   -0.445993  0.00984176
         269   -0.349872   -0.445636  0.00981166
         270   -0.376869   -0.445381  0.00977863
         271   -0.379553   -0.445138  0.00974556
         272   -0.366282   -0.444848  0.00971404
         273   -0.360775    -0.44454  0.00968334
         274   -0.366331   -0.444255   0.0096522
         275   -0.334589   -0.443856  0.00962534
         276   -0.315762   -0.443392  0.00960165
         277   -0.343314   -0.443031  0.00957378
         278   -0.366718   -0.442756  0.00954328
         279    -0.37803   -0.442524  0.00951189
         280   -0.341367   -0.442163  0.00948478
         281   -0.351642   -0.441841  0.00945649
         282   -0.392665   -0.441666  0.00942457
         283   -0.398721   -0.441515  0.00939249
         284   -0.379919   -0.441298  0.00936192
         285   -0.401983    -0.44116  0.00933009
         286   -0.411713   -0.441057  0.00929803
         287   -0.411268   -0.440953  0.00926621
         288   -0.369324   -0.440704  0.00923738
         289   -0.360579   -0.440427  0.00920957
         290    -0.35393   -0.440129  0.00918264
         291   -0.379516    -0.43992  0.00915345
         292   -0.414088   -0.439832  0.00912253
         293   -0.431921   -0.439805  0.00909144
         294   -0.408979     -0.4397  0.00906112
         295   -0.414553   -0.439615   0.0090308
         296   -0.431024   -0.439586  0.00900034
         297   -0.458205   -0.439649  0.00897025
         298   -0.444262   -0.439664  0.00894017
         299   -0.427071   -0.439622  0.00891036
         300    -0.43475   -0.439606  0.00888068
         301   -0.441276   -0.439611  0.00885118
         302   -0.470931   -0.439715  0.00882247
         303   -0.445434   -0.439734  0.00879338
         304   -0.432696   -0.439711  0.00876448
         305   -0.415883   -0.439633  0.00873609
         306   -0.421976   -0.439575  0.00870774
         307    -0.40852   -0.439474  0.00867996
         308   -0.411134   -0.439382  0.00865227
         309   -0.399515   -0.439253  0.00862523
         310   -0.440822   -0.439258   0.0085974
         311   -0.442742   -0.439269  0.00856977
         312   -0.447793   -0.439296  0.00854234
         313   -0.397966   -0.439164  0.00851607
         314   -0.361464   -0.438917  0.00849255
         315   -0.355226   -0.438651  0.00846974
         316   -0.346614    -0.43836  0.00844794
         317   -0.361194   -0.438116   0.0084248
         318   -0.376383   -0.437922  0.00840054
         319     -0.3901   -0.437772  0.00837555
         320   -0.398172   -0.437649  0.00835029
         321   -0.381317   -0.437473  0.00832612
         322   -0.394702    -0.43734  0.00830132
         323   -0.449946   -0.437379  0.00827571
         324   -0.483008    -0.43752  0.00825137
         325   -0.469878    -0.43762  0.00822658
         326   -0.482603   -0.437758   0.0082025
         327   -0.454714    -0.43781  0.00817758
         328   -0.403119   -0.437704  0.00815333
         329   -0.357269   -0.437459  0.00813222
         330   -0.353463   -0.437205  0.00811155
         331    -0.38068   -0.437034  0.00808885
         332   -0.405574   -0.436939  0.00806504
         333    -0.41297   -0.436867  0.00804114
         334   -0.385911   -0.436715  0.00801851
         335   -0.403374   -0.436615  0.00799519
         336   -0.407519   -0.436529  0.00797187
         337    -0.43071   -0.436511  0.00794823
         338   -0.419666   -0.436461  0.00792487
         339   -0.396891   -0.436345  0.00790235
         340   -0.376596   -0.436169  0.00788106
         341   -0.375328   -0.435991  0.00785997
         342   -0.392186   -0.435862  0.00783803
         343   -0.425238   -0.435832  0.00781524
         344   -0.461274   -0.435905  0.00779287
         345   -0.455206   -0.435961  0.00777049
         346   -0.471494   -0.436064  0.00774871
         347   -0.437852   -0.436069  0.00772638
         348   -0.419106   -0.436021  0.00770433
         349   -0.403986   -0.435929   0.0076828
         350   -0.377045    -0.43576  0.00766269
         351   -0.342012   -0.435493  0.00764552
         352   -0.349171   -0.435248  0.00762773
         353   -0.377082   -0.435083   0.0076079
         354    -0.37994   -0.434928    0.007588
         355   -0.366371   -0.434735  0.00756908
         356   -0.364191   -0.434536  0.00755042
         357   -0.372567   -0.434363  0.00753126
         358   -0.367787   -0.434177  0.00751252
         359   -0.363797   -0.433981  0.00749415
         360    -0.34367    -0.43373  0.00747753
         361   -0.351566   -0.433502  0.00746028
         362    -0.36041     -0.4333   0.0074424
         363   -0.398606   -0.433205  0.00742252
         364   -0.422738   -0.433176  0.00740218
         365   -0.433969   -0.433178   0.0073819
         366   -0.435738   -0.433185  0.00736173
         367   -0.432519   -0.433183  0.00734168
         368      -0.413   -0.433129  0.00732193
         369   -0.398154   -0.433034   0.0073027
         370   -0.425027   -0.433012    0.007283
         371   -0.400018   -0.432923  0.00726391
         372   -0.376323   -0.432771  0.00724597
         373   -0.383806    -0.43264  0.00722774
         374   -0.367828   -0.432466  0.00721049
         375   -0.358736    -0.43227  0.00719394
         376    -0.39044   -0.432159  0.00717567
         377   -0.423188   -0.432135  0.00715667
         378   -0.394656   -0.432036  0.00713843
         379   -0.337866   -0.431787  0.00712392
         380   -0.336429   -0.431536  0.00710959
         381   -0.343282   -0.431305   0.0070947
         382   -0.365554   -0.431132  0.00707822
         383   -0.379497   -0.430998  0.00706102
         384   -0.438575   -0.431017  0.00704266
         385   -0.444019   -0.431051  0.00702445
         386    -0.41449   -0.431008  0.00700638
         387   -0.387779   -0.430897  0.00698916
         388   -0.386125   -0.430781   0.0069721
         389   -0.398067   -0.430697  0.00695469
         390   -0.430483   -0.430697  0.00693686
         391   -0.359917   -0.430516  0.00692148
         392   -0.332331   -0.430265  0.00690835
         393   -0.325971       -0.43  0.00689587
         394   -0.367185    -0.42984  0.00688021
         395   -0.374608     -0.4297  0.00686421
         396   -0.357953   -0.429519  0.00684927
         397   -0.369987   -0.429369  0.00683365
         398   -0.391531   -0.429274  0.00681715
         399   -0.412652   -0.429233  0.00680019
         400   -0.375557   -0.429098  0.00678451
         401   -0.363105   -0.428934  0.00676959
         402   -0.354917    -0.42875  0.00675525
         403    -0.37835   -0.428625  0.00673965
         404   -0.394908   -0.428541  0.00672348
         405    -0.39527   -0.428459  0.00670738
         406   -0.381617   -0.428344  0.00669185
         407   -0.351693   -0.428155  0.00667806
         408    -0.36241   -0.427994  0.00666364
         409   -0.392671   -0.427908   0.0066479
         410   -0.420556    -0.42789  0.00663171
         411   -0.415082   -0.427859  0.00661565
         412   -0.424834   -0.427851   0.0065996
         413   -0.436353   -0.427872  0.00658365
         414   -0.415559   -0.427842  0.00656782
         415   -0.415623   -0.427813  0.00655206
         416   -0.412072   -0.427775  0.00653641
         417   -0.395251   -0.427697   0.0065212
         418   -0.405647   -0.427644  0.00650582
         419   -0.403333   -0.427586  0.00649055
         420   -0.402757   -0.427527  0.00647536
         421   -0.400602   -0.427463   0.0064603
         422   -0.378021   -0.427346  0.00644605
         423   -0.364452   -0.427197  0.00643253
         424   -0.354289   -0.427025  0.00641966
         425   -0.392636   -0.426944  0.00640506
         426   -0.442061    -0.42698  0.00639012
         427   -0.456722   -0.427049  0.00637554
         428   -0.443845   -0.427089  0.00636076
         429   -0.439207   -0.427117    0.006346
         430   -0.420847   -0.427102  0.00633126
         431   -0.428581   -0.427106  0.00631657
         432   -0.449622   -0.427158  0.00630216
         433   -0.428618   -0.427161  0.00628761
         434   -0.425567   -0.427158  0.00627312
         435   -0.409875   -0.427118  0.00625883
         436     -0.3912   -0.427036  0.00624501
         437   -0.391769   -0.426955  0.00623124
         438   -0.382769   -0.426854  0.00621783
         439   -0.414968   -0.426827  0.00620373
         440   -0.424647   -0.426822  0.00618963
         441   -0.437309   -0.426846  0.00617564
         442   -0.418846   -0.426828   0.0061617
         443   -0.399176   -0.426765   0.0061481
         444   -0.416641   -0.426742   0.0061343
         445   -0.430693   -0.426751  0.00612052
         446   -0.440607   -0.426782  0.00610688
         447   -0.440296   -0.426813  0.00609329
         448    -0.43725   -0.426836  0.00607973
         449   -0.435318   -0.426855  0.00606622
         450   -0.449401   -0.426905  0.00605295
         451   -0.422398   -0.426895  0.00603953
         452   -0.419634   -0.426879  0.00602619
         453   -0.421282   -0.426866   0.0060129
         454   -0.443316   -0.426903  0.00599977
         455   -0.462324   -0.426981  0.00598709
         456    -0.45538   -0.427043  0.00597428
         457   -0.453996   -0.427102   0.0059615
         458   -0.454471   -0.427162  0.00594878
         459   -0.440802   -0.427191   0.0059359
         460   -0.472883   -0.427291  0.00592382
         461   -0.459097    -0.42736  0.00591138
         462   -0.422579   -0.427349  0.00589859
         463   -0.396367   -0.427282  0.00588623
         464   -0.391034   -0.427204  0.00587406
         465   -0.369308    -0.42708  0.00586275
         466   -0.367278   -0.426951  0.00585157
         467   -0.423956   -0.426945  0.00583905
         468   -0.473935   -0.427045  0.00582743
         469   -0.461708   -0.427119  0.00581548
         470   -0.451661   -0.427171  0.00580334
         471   -0.479174   -0.427282  0.00579207
         472   -0.491526   -0.427418  0.00578139
         473   -0.518403    -0.42761  0.00577237
         474   -0.476722   -0.427714  0.00576112
         475   -0.450823   -0.427763   0.0057492
         476   -0.482252   -0.427877  0.00573826
         477   -0.512386   -0.428054  0.00572896
         478   -0.479409   -0.428162  0.00571799
         479   -0.474098   -0.428258  0.00570685
         480   -0.467226   -0.428339  0.00569554
         481   -0.513587   -0.428516  0.00568646
         482   -0.511361   -0.428688  0.00567726
         483   -0.511908    -0.42886  0.00566812
         484   -0.486126   -0.428978  0.00565764
         485   -0.480397   -0.429085  0.00564697
         486   -0.465301   -0.429159  0.00563584
         487   -0.446393   -0.429194  0.00562438
         488   -0.433042   -0.429202  0.00561286
         489   -0.415468   -0.429174  0.00560145
         490   -0.440224   -0.429197  0.00559006
         491   -0.457614   -0.429255  0.00557898
         492   -0.417617   -0.429231  0.00556769
         493    -0.39835   -0.429168  0.00555675
         494   -0.351108    -0.42901  0.00554775
         495   -0.357128   -0.428865  0.00553844
         496   -0.378038   -0.428763  0.00552822
         497   -0.384977   -0.428675   0.0055178
         498   -0.397971   -0.428613  0.00550706
         499   -0.407574   -0.428571  0.00549619
         500   -0.386921   -0.428487  0.00548583
