#     BLOCK:   ACTUAL_T:     T_AVE:       ERROR:
           1     2.01779     2.01779           0
           2     2.13115     2.07447   0.0400786
           3      2.0659     2.07161   0.0268207
           4     1.93586     2.03768   0.0356155
           5     1.81327     1.99279   0.0492267
           6      1.7114      1.9459   0.0592936
           7     1.64138     1.90239   0.0648466
           8     1.59126      1.8635   0.0674018
           9     1.55338     1.82904   0.0681538
          10     1.52878     1.79902     0.06763
          11     1.51903     1.77357   0.0660982
          12     1.49472     1.75033   0.0645455
          13     1.45515     1.72762   0.0634486
          14     1.44165      1.7072   0.0621177
          15     1.45399     1.69032   0.0602265
          16      1.4528     1.67547    0.058263
          17     1.44763     1.66207   0.0563562
          18     1.45075     1.65033   0.0544344
          19     1.45369     1.63998    0.052544
          20     1.46646      1.6313    0.050628
          21     1.48842      1.6245   0.0486722
          22     1.47626     1.61776   0.0469239
          23     1.47669     1.61163   0.0452829
          24       1.483     1.60627   0.0437121
          25     1.47819     1.60114   0.0422627
          26     1.47232     1.59619   0.0409267
          27     1.43325     1.59016   0.0398533
          28     1.42293     1.58418   0.0388749
          29     1.41392     1.57831   0.0379752
          30     1.41135     1.57275   0.0371149
          31     1.41889     1.56778   0.0362479
          32     1.41834     1.56311   0.0354148
          33     1.39931     1.55815   0.0346877
          34     1.38933     1.55318    0.034021
          35     1.40139     1.54885   0.0333243
          36     1.41418     1.54511   0.0326079
          37     1.39952     1.54117   0.0319631
          38      1.4082     1.53767   0.0313129
          39     1.41327     1.53448    0.030672
          40     1.42088     1.53164   0.0300364
          41     1.40445     1.52854   0.0294636
          42     1.40903     1.52569   0.0288992
          43     1.39744     1.52271   0.0283806
          44      1.3952     1.51981   0.0278832
          45     1.39633     1.51707   0.0273982
          46     1.40982     1.51474   0.0269016
          47     1.41689     1.51266   0.0264097
          48     1.42575     1.51085   0.0259215
          49     1.42311     1.50906   0.0254542
          50      1.4157     1.50719   0.0250135
          51     1.41796     1.50544   0.0245842
          52     1.40282     1.50347   0.0241905
          53     1.41364     1.50177   0.0237934
          54     1.38929     1.49969   0.0234437
          55     1.40765     1.49801   0.0230771
          56     1.40196      1.4963   0.0227287
          57     1.39203     1.49447   0.0224035
          58     1.38835     1.49264   0.0220918
          59     1.37173     1.49059   0.0218122
          60     1.35407     1.48832    0.021567
          61     1.33871     1.48586   0.0213524
          62     1.33954      1.4835   0.0211381
          63     1.34576     1.48132   0.0209153
          64     1.35743     1.47938   0.0206779
          65     1.36116     1.47756   0.0204396
          66      1.3635     1.47583   0.0202028
          67     1.35692     1.47406   0.0199791
          68     1.35115     1.47225   0.0197669
          69     1.34267     1.47037   0.0195694
          70     1.33316     1.46841   0.0193878
          71       1.362     1.46691   0.0191726
          72     1.38178     1.46573   0.0189427
          73     1.37033     1.46443   0.0187282
          74     1.34623     1.46283   0.0185431
          75     1.34785     1.46129   0.0183592
          76     1.34503     1.45976   0.0181812
          77     1.35492      1.4584    0.017996
          78      1.3644      1.4572   0.0178056
          79     1.35069     1.45585   0.0176312
          80     1.32602     1.45423   0.0174853
          81     1.33616     1.45277   0.0173301
          82     1.32626     1.45123   0.0171873
          83     1.33166     1.44979   0.0170405
          84     1.32729     1.44833   0.0168999
          85      1.3404     1.44706   0.0167487
          86     1.34278     1.44585   0.0165978
          87     1.32374     1.44444   0.0164663
          88     1.33292     1.44317   0.0163278
          89     1.34933     1.44212   0.0161784
          90     1.35312     1.44113   0.0160288
          91     1.31324     1.43973   0.0159142
          92     1.30093     1.43822   0.0158125
          93      1.2834     1.43655   0.0157299
          94     1.27161      1.4348   0.0156601
          95     1.28886     1.43326   0.0155705
          96     1.29067     1.43178   0.0154789
          97     1.28965     1.43031   0.0153886
          98     1.29005     1.42888    0.015298
          99     1.30289     1.42761   0.0151963
         100     1.29401     1.42627   0.0151029
         101     1.28228     1.42485   0.0150205
         102     1.28413     1.42347   0.0149365
         103     1.29979     1.42227   0.0148396
         104     1.32872     1.42137   0.0147242
         105     1.32629     1.42046   0.0146118
         106     1.31467     1.41946    0.014508
         107     1.31893     1.41852   0.0144028
         108     1.31014     1.41752   0.0143043
         109     1.29631     1.41641   0.0142163
         110     1.30104     1.41536   0.0141257
         111     1.31547     1.41446    0.014027
         112     1.33872     1.41378   0.0139181
         113     1.33584     1.41309    0.013812
         114     1.33798     1.41243   0.0137065
         115     1.34077     1.41181   0.0136015
         116     1.33426     1.41114   0.0135007
         117     1.32723     1.41042   0.0134043
         118     1.31895     1.40965   0.0133131
         119     1.31277     1.40884   0.0132261
         120     1.32394     1.40813   0.0131348
         121     1.33641     1.40754   0.0130396
         122     1.33633     1.40695   0.0129458
         123     1.35531     1.40653   0.0128474
         124     1.35947     1.40615   0.0127494
         125     1.35116     1.40571   0.0126549
         126     1.35021     1.40527   0.0125622
         127     1.35999     1.40492   0.0124683
         128     1.35095     1.40449    0.012378
         129     1.33937     1.40399   0.0122924
         130     1.31877     1.40333   0.0122153
         131     1.32166     1.40271   0.0121379
         132     1.32084     1.40209   0.0120618
         133     1.32041     1.40148   0.0119868
         134     1.33004     1.40094   0.0119091
         135     1.31586     1.40031   0.0118376
         136     1.30583     1.39962   0.0117709
         137     1.31036     1.39897    0.011703
         138      1.3453     1.39858   0.0116247
         139     1.37004     1.39837   0.0115429
         140     1.34452     1.39799   0.0114668
         141     1.32094     1.39744   0.0113985
         142     1.30024     1.39676   0.0113388
         143     1.32187     1.39623   0.0112716
         144     1.31531     1.39567   0.0112073
         145     1.31562     1.39512   0.0111436
         146     1.31117     1.39454   0.0110821
         147     1.31267     1.39399   0.0110207
         148     1.28394     1.39324   0.0109713
         149     1.26274     1.39237   0.0109325
         150     1.26237      1.3915    0.010894
         151     1.26559     1.39067   0.0108537
         152     1.29122     1.39001    0.010802
         153     1.28497     1.38933   0.0107532
         154     1.28693     1.38866   0.0107039
         155     1.26887     1.38789   0.0106627
         156     1.28525     1.38723   0.0106146
         157     1.30442      1.3867   0.0105601
         158     1.31027     1.38622   0.0105043
         159     1.31648     1.38578   0.0104474
         160     1.32413     1.38539   0.0103892
         161     1.31027     1.38493   0.0103352
         162     1.31671     1.38451     0.01028
         163     1.30035     1.38399   0.0102298
         164     1.29894     1.38347   0.0101806
         165     1.29132     1.38291   0.0101342
         166     1.32303     1.38255   0.0100796
         167     1.34958     1.38236   0.0100212
         168     1.34262     1.38212   0.0099643
         169     1.31704     1.38173  0.00991278
         170     1.30275     1.38127  0.00986535
         171     1.32481     1.38094  0.00981318
         172     1.34342     1.38072  0.00975855
         173     1.33388     1.38045   0.0097059
         174      1.3338     1.38018  0.00965382
         175     1.34069     1.37996  0.00960129
         176     1.30453     1.37953   0.0095563
         177     1.30207     1.37909  0.00951233
         178     1.32093     1.37876   0.0094645
         179     1.32807     1.37848  0.00941586
         180     1.32417     1.37818  0.00936838
         181     1.32102     1.37786  0.00932194
         182     1.33108     1.37761  0.00927427
         183     1.33364     1.37737   0.0092267
         184     1.32216     1.37707  0.00918143
         185     1.31104     1.37671  0.00913873
         186     1.32508     1.37643  0.00909382
         187     1.33817     1.37623  0.00904749
         188     1.33222     1.37599  0.00900239
         189     1.33489     1.37577  0.00895738
         190     1.36659     1.37573  0.00891037
         191     1.37346     1.37571  0.00886373
         192     1.38977     1.37579  0.00881786
         193     1.38967     1.37586  0.00877247
         194     1.39951     1.37598   0.0087281
         195      1.3535     1.37587   0.0086841
         196     1.33361     1.37565  0.00864247
         197     1.32526     1.37539  0.00860238
         198     1.32247     1.37513  0.00856309
         199     1.32031     1.37485  0.00852449
         200     1.31887     1.37457  0.00848646
         201     1.30137     1.37421  0.00845205
         202     1.29871     1.37383  0.00841847
         203     1.30902     1.37352  0.00838305
         204     1.31227     1.37321  0.00834733
         205     1.32983       1.373  0.00830929
         206     1.32587     1.37277  0.00827211
         207      1.3232     1.37253  0.00823561
         208     1.33104     1.37234  0.00819843
         209     1.34732     1.37222  0.00816008
         210     1.38619     1.37228  0.00812149
         211     1.40379     1.37243  0.00808437
         212     1.42581     1.37268  0.00805016
         213     1.41439     1.37288  0.00801475
         214     1.37824      1.3729  0.00797733
         215     1.35034      1.3728  0.00794092
         216     1.34099     1.37265  0.00790552
         217     1.32789     1.37245  0.00787178
         218      1.3148     1.37218  0.00784011
         219      1.3153     1.37192  0.00780861
         220     1.33223     1.37174   0.0077752
         221      1.3497     1.37164  0.00774066
         222     1.34319     1.37151  0.00770686
         223      1.3285     1.37132  0.00767471
         224     1.34699     1.37121  0.00764121
         225     1.34858     1.37111  0.00760792
         226     1.33986     1.37097  0.00757551
         227     1.33087      1.3708   0.0075442
         228     1.32474     1.37059  0.00751381
         229     1.32019     1.37037  0.00748422
         230     1.31463     1.37013  0.00745561
         231     1.30635     1.36986  0.00742844
         232     1.29193     1.36952  0.00740401
         233     1.28365     1.36915   0.0073814
         234      1.2909     1.36882  0.00735743
         235     1.30675     1.36855  0.00733086
         236     1.31328     1.36832  0.00730354
         237     1.30644     1.36806  0.00727738
         238     1.30434     1.36779  0.00725173
         239     1.32615     1.36762  0.00722348
         240       1.328     1.36745  0.00719527
         241     1.32348     1.36727  0.00716773
         242      1.3203     1.36707  0.00714073
         243     1.31266     1.36685  0.00711486
         244     1.29249     1.36655  0.00709222
         245     1.28679     1.36622  0.00707074
         246      1.2751     1.36585   0.0070517
         247     1.28384     1.36552  0.00703096
         248     1.29563     1.36524  0.00700825
         249     1.31355     1.36503  0.00698318
         250      1.3271     1.36488  0.00695689
         251     1.32167      1.3647  0.00693131
         252     1.31402      1.3645  0.00690672
         253      1.3252     1.36435  0.00688117
         254     1.32735      1.3642  0.00685562
         255     1.31745     1.36402  0.00683118
         256     1.31091     1.36381  0.00680765
         257     1.33207     1.36369  0.00678228
         258      1.3361     1.36358  0.00675684
         259     1.33558     1.36347  0.00673161
         260     1.32294     1.36332  0.00670753
         261     1.31864     1.36315  0.00668401
         262     1.33022     1.36302  0.00665968
         263     1.32233     1.36287  0.00663616
         264     1.31504     1.36268  0.00661349
         265     1.29231     1.36242  0.00659386
         266     1.29035     1.36215  0.00657464
         267      1.2904     1.36188   0.0065555
         268     1.28815      1.3616  0.00653681
         269     1.29744     1.36137  0.00651686
         270     1.31578      1.3612  0.00649491
         271     1.31726     1.36103  0.00647297
         272     1.30842     1.36084  0.00645206
         273     1.30513     1.36064  0.00643165
         274     1.30871     1.36045  0.00641097
         275     1.28766     1.36018  0.00639312
         276       1.275     1.35987   0.0063774
         277     1.29288     1.35963  0.00635896
         278      1.3088     1.35945  0.00633872
         279     1.31659      1.3593  0.00631786
         280     1.29188     1.35905  0.00629988
         281     1.29894     1.35884  0.00628109
         282     1.32584     1.35872  0.00625991
         283      1.3302     1.35862   0.0062386
         284     1.31783     1.35848  0.00621829
         285     1.33209     1.35839  0.00619716
         286     1.33878     1.35832  0.00617587
         287     1.33825     1.35825  0.00615475
         288     1.31065     1.35808  0.00613559
         289     1.30493      1.3579  0.00611712
         290     1.30023      1.3577  0.00609926
         291     1.31678     1.35756  0.00607992
         292     1.34012      1.3575  0.00605939
         293     1.35226     1.35748  0.00603874
         294     1.33657     1.35741  0.00601861
         295     1.34066     1.35735  0.00599848
         296     1.35145     1.35733  0.00597825
         297     1.36961     1.35738  0.00595826
         298     1.36043     1.35739  0.00593828
         299     1.34927     1.35736  0.00591848
         300     1.35386     1.35735  0.00589876
         301     1.35812     1.35735  0.00587916
         302     1.37811     1.35742   0.0058601
         303     1.36134     1.35743  0.00584077
         304     1.35308     1.35742  0.00582158
         305      1.3413     1.35736  0.00580273
         306     1.34576     1.35733  0.00578389
         307     1.33665     1.35726  0.00576544
         308     1.33827      1.3572  0.00574705
         309     1.33093     1.35711  0.00572908
         310     1.35796     1.35711   0.0057106
         311     1.35957     1.35712  0.00569225
         312     1.36298     1.35714  0.00567403
         313     1.32984     1.35705  0.00565658
         314     1.30572     1.35689  0.00564092
         315     1.30131     1.35671  0.00562577
         316     1.29545     1.35652  0.00561131
         317     1.30509     1.35636  0.00559596
         318     1.31552     1.35623  0.00557983
         319     1.32434     1.35613  0.00556324
         320     1.32994     1.35605  0.00554645
         321     1.31857     1.35593   0.0055304
         322     1.32721     1.35584  0.00551395
         323     1.36418     1.35587  0.00549694
         324     1.38644     1.35596  0.00548078
         325     1.37759     1.35603  0.00546432
         326     1.38596     1.35612  0.00544833
         327     1.36762     1.35616  0.00543178
         328     1.33364     1.35609  0.00541565
         329     1.30314     1.35593  0.00540158
         330     1.29923     1.35575  0.00538795
         331     1.31792     1.35564  0.00537288
         332     1.33466     1.35558  0.00535707
         333     1.33962     1.35553   0.0053412
         334      1.3216     1.35543  0.00532617
         335     1.33315     1.35536  0.00531069
         336     1.33574      1.3553   0.0052952
         337     1.35163     1.35529   0.0052795
         338     1.34416     1.35526  0.00526398
         339     1.32892     1.35518  0.00524903
         340     1.31541     1.35506  0.00523489
         341     1.31465     1.35495  0.00522088
         342      1.3257     1.35486  0.00520632
         343     1.34755     1.35484  0.00519118
         344     1.37191     1.35489  0.00517633
         345     1.36779     1.35493  0.00516146
         346     1.37872     1.35499    0.005147
         347      1.3563       1.355  0.00513217
         348     1.34383     1.35497  0.00511752
         349     1.33379     1.35491  0.00510322
         350     1.31631      1.3548  0.00508983
         351     1.29228     1.35462  0.00507844
         352     1.29684     1.35445  0.00506667
         353     1.31567     1.35434  0.00505351
         354     1.31763     1.35424   0.0050403
         355      1.3087     1.35411  0.00502773
         356     1.30695     1.35398  0.00501535
         357     1.31272     1.35386  0.00500264
         358     1.30969     1.35374  0.00499018
         359     1.30678     1.35361    0.004978
         360     1.29364     1.35344  0.00496695
         361     1.29851     1.35329  0.00495553
         362     1.30458     1.35316  0.00494366
         363        1.33     1.35309  0.00493046
         364      1.3461     1.35307  0.00491695
         365     1.35336     1.35307  0.00490348
         366     1.35495     1.35308  0.00489008
         367      1.3529     1.35308  0.00487676
         368     1.33975     1.35304  0.00486364
         369     1.32976     1.35298  0.00485087
         370     1.34773     1.35296  0.00483778
         371     1.33152     1.35291  0.00482508
         372     1.31511     1.35281  0.00481318
         373     1.32026     1.35272  0.00480107
         374     1.30984      1.3526   0.0047896
         375     1.30339     1.35247  0.00477863
         376      1.3244      1.3524   0.0047665
         377     1.34667     1.35238  0.00475388
         378     1.32783     1.35232  0.00474175
         379     1.28984     1.35215   0.0047321
         380     1.28863     1.35199   0.0047226
         381     1.29318     1.35183  0.00471273
         382     1.30795     1.35172  0.00470179
         383     1.31745     1.35163  0.00469037
         384     1.35669     1.35164  0.00467817
         385     1.36014     1.35166  0.00466607
         386     1.34111     1.35163  0.00465406
         387     1.32303     1.35156  0.00464262
         388     1.32162     1.35148   0.0046313
         389     1.32998     1.35143  0.00461972
         390      1.3515     1.35143  0.00460788
         391     1.30461     1.35131  0.00459765
         392     1.28613     1.35114  0.00458893
         393     1.28165     1.35097  0.00458065
         394      1.3091     1.35086  0.00457026
         395      1.3141     1.35077  0.00455964
         396     1.30322     1.35065   0.0045497
         397     1.31071     1.35055  0.00453936
         398     1.32538     1.35048  0.00452839
         399     1.33969     1.35046  0.00451712
         400     1.31507     1.35037   0.0045067
         401     1.30675     1.35026  0.00449677
         402     1.30106     1.35014  0.00448725
         403     1.31636     1.35005   0.0044769
         404     1.32762        1.35  0.00446616
         405     1.32813     1.34994  0.00445546
         406     1.31887     1.34987  0.00444514
         407     1.29895     1.34974  0.00443598
         408       1.306     1.34963   0.0044264
         409     1.32596     1.34958  0.00441596
         410     1.34504     1.34956   0.0044052
         411     1.34107     1.34954  0.00439453
         412      1.3476     1.34954  0.00438387
         413     1.35506     1.34955  0.00437327
         414      1.3418     1.34953  0.00436275
         415      1.3413     1.34951  0.00435228
         416     1.33929     1.34949  0.00434189
         417     1.32798     1.34944  0.00433178
         418     1.33458      1.3494  0.00432157
         419     1.33338     1.34936  0.00431142
         420     1.33303     1.34932  0.00430133
         421      1.3316     1.34928  0.00429132
         422     1.31629      1.3492  0.00428186
         423     1.30751     1.34911  0.00427288
         424     1.30055     1.34899  0.00426433
         425     1.32573     1.34894  0.00425465
         426     1.35908     1.34896  0.00424473
         427      1.3686     1.34901  0.00423504
         428     1.36044     1.34903  0.00422523
         429     1.35763     1.34905  0.00421543
         430     1.34442     1.34904  0.00420564
         431      1.3501     1.34905  0.00419588
         432     1.36405     1.34908  0.00418631
         433     1.35017     1.34908  0.00417664
         434     1.34802     1.34908  0.00416702
         435     1.33785     1.34905  0.00415752
         436      1.3252       1.349  0.00414835
         437     1.32564     1.34895   0.0041392
         438     1.31968     1.34888  0.00413029
         439     1.34089     1.34886  0.00412092
         440     1.34729     1.34886  0.00411155
         441     1.35599     1.34887  0.00410226
         442     1.34398     1.34886    0.004093
         443     1.33038     1.34882  0.00408397
         444     1.34229     1.34881   0.0040748
         445     1.35143     1.34881  0.00406564
         446     1.35818     1.34883  0.00405658
         447     1.35806     1.34885  0.00404756
         448     1.35619     1.34887  0.00403856
         449     1.35459     1.34888  0.00402958
         450     1.36421     1.34892  0.00402077
         451     1.34617     1.34891  0.00401186
         452     1.34426      1.3489    0.004003
         453      1.3453     1.34889  0.00399417
         454     1.35979     1.34892  0.00398545
         455     1.37257     1.34897  0.00397703
         456     1.36815     1.34901  0.00396853
         457     1.36715     1.34905  0.00396004
         458     1.36738     1.34909   0.0039516
         459     1.35813     1.34911  0.00394304
         460     1.37967     1.34918  0.00393503
         461     1.37029     1.34922  0.00392676
         462     1.34668     1.34922  0.00391826
         463     1.32872     1.34917  0.00391005
         464      1.3249     1.34912  0.00390197
         465     1.31095     1.34904  0.00389444
         466     1.30907     1.34895  0.00388703
         467     1.34642     1.34895  0.00387871
         468     1.38029     1.34901    0.003871
         469     1.37217     1.34906  0.00386306
         470     1.36534      1.3491    0.003855
         471     1.38338     1.34917   0.0038475
         472      1.3917     1.34926   0.0038404
         473     1.41022     1.34939  0.00383445
         474     1.38207     1.34946  0.00382698
         475     1.36464     1.34949  0.00381905
         476     1.38563     1.34957  0.00381178
         477     1.40552     1.34968   0.0038056
         478     1.38394     1.34976  0.00379831
         479     1.38016     1.34982  0.00379091
         480      1.3754     1.34987  0.00378339
         481     1.40605     1.34999  0.00377732
         482     1.40513      1.3501  0.00377122
         483     1.40552     1.35022  0.00376516
         484     1.38809      1.3503  0.00375819
         485     1.38444     1.35037   0.0037511
         486     1.37422     1.35042   0.0037437
         487     1.36201     1.35044  0.00373609
         488      1.3528     1.35044  0.00372844
         489     1.34075     1.35042  0.00372087
         490     1.35767     1.35044   0.0037133
         491     1.36891     1.35048  0.00370593
         492     1.34295     1.35046  0.00369843
         493     1.33033     1.35042  0.00369115
         494     1.29873     1.35032  0.00368517
         495     1.30233     1.35022  0.00367899
         496     1.31628     1.35015  0.00367221
         497     1.32092     1.35009   0.0036653
         498     1.32985     1.35005  0.00365816
         499     1.33617     1.35002  0.00365094
         500     1.32232     1.34997  0.00364406
