#     BLOCK:   ACTUAL_TE:    TE_AVE:      ERROR:
           1     1.59681     1.59681           0
           2     1.59667     1.59674 4.97719e-05
           3     1.59661      1.5967 4.92234e-05
           4      1.5969     1.59675 5.73838e-05
           5     1.59688     1.59677 5.17018e-05
           6     1.59687     1.59679 4.53243e-05
           7     1.59597     1.59667 0.000114546
           8     1.59573     1.59655 0.000149085
           9     1.59587     1.59648 0.000150619
          10      1.5968     1.59651  0.00013889
          11     1.59618     1.59648 0.000129375
          12     1.59657     1.59649 0.000118822
          13     1.59605     1.59645 0.000114386
          14     1.59546     1.59638 0.000126378
          15     1.59609     1.59636 0.000119417
          16     1.59571     1.59632  0.00011872
          17     1.59598      1.5963 0.000113453
          18      1.5957     1.59627 0.000112009
          19     1.59572     1.59624  0.00010978
          20     1.59673     1.59626 0.000106953
          21     1.59632     1.59627 0.000101888
          22     1.59612     1.59626 9.74657e-05
          23     1.59574     1.59624 9.58569e-05
          24     1.59645     1.59625 9.22749e-05
          25     1.59621     1.59625  8.8596e-05
          26     1.59642     1.59625 8.54438e-05
          27     1.59619     1.59625  8.2311e-05
          28     1.59574     1.59623 8.13909e-05
          29     1.59677     1.59625 8.06483e-05
          30       1.597     1.59628 8.17665e-05
          31     1.59647     1.59628 7.93622e-05
          32      1.5963     1.59628 7.68841e-05
          33     1.59642     1.59629 7.46644e-05
          34      1.5973     1.59632 7.81846e-05
          35      1.5967     1.59633 7.67119e-05
          36     1.59601     1.59632 7.50881e-05
          37     1.59692     1.59633 7.48002e-05
          38     1.59643     1.59634 7.28773e-05
          39     1.59576     1.59632 7.24857e-05
          40      1.5968     1.59633 7.16491e-05
          41     1.59649     1.59634 7.00077e-05
          42     1.59674     1.59635  6.8996e-05
          43     1.59665     1.59635 6.77552e-05
          44     1.59648     1.59636 6.62799e-05
          45     1.59643     1.59636 6.48243e-05
          46     1.59681     1.59637 6.41434e-05
          47     1.59703     1.59638 6.42975e-05
          48     1.59684     1.59639 6.36549e-05
          49     1.59672      1.5964 6.27099e-05
          50     1.59664      1.5964 6.16388e-05
          51     1.59664     1.59641  6.0603e-05
          52     1.59693     1.59642 6.02588e-05
          53      1.5965     1.59642   5.914e-05
          54     1.59671     1.59643 5.82934e-05
          55      1.5969     1.59643 5.78753e-05
          56     1.59713     1.59645 5.81608e-05
          57     1.59679     1.59645 5.74501e-05
          58     1.59706     1.59646  5.7415e-05
          59     1.59625     1.59646 5.65526e-05
          60      1.5966     1.59646 5.56558e-05
          61     1.59693     1.59647 5.52646e-05
          62     1.59684     1.59648 5.46925e-05
          63     1.59645     1.59647 5.38253e-05
          64     1.59653     1.59648 5.29913e-05
          65     1.59663     1.59648 5.22319e-05
          66      1.5961     1.59647   5.176e-05
          67     1.59657     1.59647 5.10079e-05
          68     1.59642     1.59647 5.02647e-05
          69     1.59642     1.59647 4.95425e-05
          70     1.59644     1.59647 4.88373e-05
          71      1.5972     1.59648 4.92239e-05
          72     1.59599     1.59648 4.90087e-05
          73     1.59663     1.59648 4.83813e-05
          74     1.59681     1.59648 4.79395e-05
          75     1.59665     1.59648 4.73501e-05
          76     1.59699     1.59649 4.71928e-05
          77     1.59641     1.59649 4.65929e-05
          78     1.59659     1.59649 4.60149e-05
          79     1.59703      1.5965 4.59403e-05
          80     1.59619     1.59649 4.55223e-05
          81      1.5966      1.5965 4.49781e-05
          82     1.59646     1.59649 4.44321e-05
          83     1.59642     1.59649  4.3906e-05
          84     1.59686      1.5965  4.3603e-05
          85     1.59634      1.5965 4.31284e-05
          86     1.59614     1.59649 4.28276e-05
          87     1.59655     1.59649  4.2341e-05
          88     1.59664     1.59649 4.18949e-05
          89     1.59649     1.59649 4.14243e-05
          90     1.59621     1.59649 4.10861e-05
          91     1.59694      1.5965 4.09341e-05
          92     1.59664      1.5965 4.05182e-05
          93     1.59647      1.5965 4.00839e-05
          94      1.5965      1.5965 3.96575e-05
          95     1.59651      1.5965 3.92402e-05
          96     1.59649      1.5965 3.88316e-05
          97     1.59598     1.59649 3.87908e-05
          98     1.59669     1.59649 3.84465e-05
          99     1.59613     1.59649 3.82384e-05
         100      1.5971      1.5965 3.83319e-05
         101      1.5962     1.59649 3.80682e-05
         102     1.59638     1.59649 3.77112e-05
         103     1.59683      1.5965 3.74906e-05
         104     1.59655      1.5965 3.71334e-05
         105     1.59661      1.5965 3.67958e-05
         106     1.59705      1.5965 3.68171e-05
         107     1.59665      1.5965 3.64979e-05
         108     1.59668     1.59651 3.61979e-05
         109     1.59649     1.59651 3.58663e-05
         110     1.59653     1.59651 3.55412e-05
         111      1.5968     1.59651 3.53201e-05
         112     1.59664     1.59651 3.50238e-05
         113      1.5964     1.59651 3.47262e-05
         114     1.59675     1.59651  3.4486e-05
         115      1.5966     1.59651 3.41941e-05
         116     1.59641     1.59651 3.39097e-05
         117     1.59612     1.59651 3.37833e-05
         118     1.59632     1.59651 3.35332e-05
         119     1.59681     1.59651 3.33476e-05
         120     1.59669     1.59651 3.31047e-05
         121     1.59629     1.59651 3.28789e-05
         122     1.59678     1.59651 3.26875e-05
         123     1.59665     1.59651 3.24416e-05
         124     1.59647     1.59651 3.21821e-05
         125     1.59638     1.59651 3.19416e-05
         126     1.59649     1.59651 3.16887e-05
         127     1.59626     1.59651 3.14995e-05
         128     1.59677     1.59651 3.13221e-05
         129     1.59697     1.59651 3.12782e-05
         130     1.59677     1.59652 3.11012e-05
         131     1.59702     1.59652 3.10967e-05
         132     1.59686     1.59652 3.09654e-05
         133     1.59613     1.59652 3.08738e-05
         134     1.59671     1.59652 3.06747e-05
         135     1.59668     1.59652 3.04695e-05
         136     1.59659     1.59652 3.02495e-05
         137     1.59674     1.59652 3.00693e-05
         138     1.59682     1.59653 2.99294e-05
         139     1.59655     1.59653 2.97147e-05
         140     1.59616     1.59652 2.96161e-05
         141     1.59645     1.59652 2.94104e-05
         142     1.59688     1.59653 2.93128e-05
         143     1.59645     1.59652 2.91124e-05
         144     1.59666     1.59653 2.89249e-05
         145     1.59646     1.59653 2.87292e-05
         146     1.59684     1.59653 2.86153e-05
         147     1.59645     1.59653 2.84251e-05
         148     1.59628     1.59653 2.82807e-05
         149     1.59619     1.59652 2.81808e-05
         150     1.59702     1.59653 2.81844e-05
         151     1.59623     1.59652 2.80677e-05
         152     1.59637     1.59652 2.79016e-05
         153     1.59612     1.59652 2.78428e-05
         154      1.5964     1.59652 2.76721e-05
         155     1.59694     1.59652  2.7624e-05
         156     1.59646     1.59652 2.74502e-05
         157     1.59674     1.59652 2.73112e-05
         158     1.59605     1.59652 2.73006e-05
         159     1.59685     1.59652 2.72097e-05
         160     1.59662     1.59652 2.70471e-05
         161     1.59626     1.59652 2.69275e-05
         162     1.59688     1.59652 2.68521e-05
         163      1.5963     1.59652 2.67223e-05
         164     1.59643     1.59652 2.65659e-05
         165     1.59666     1.59652 2.64187e-05
         166     1.59602     1.59652 2.64341e-05
         167     1.59689     1.59652 2.63686e-05
         168     1.59592     1.59652 2.64531e-05
         169     1.59642     1.59652 2.63025e-05
         170     1.59646     1.59652 2.61502e-05
         171     1.59676     1.59652  2.6037e-05
         172     1.59625     1.59652 2.59323e-05
         173     1.59655     1.59652 2.57833e-05
         174     1.59626     1.59652  2.5676e-05
         175     1.59621     1.59651 2.55901e-05
         176     1.59606     1.59651 2.55732e-05
         177     1.59647     1.59651 2.54298e-05
         178     1.59666     1.59651    2.53e-05
         179     1.59696     1.59651 2.52807e-05
         180     1.59677     1.59652 2.51802e-05
         181     1.59637     1.59652 2.50536e-05
         182     1.59654     1.59652 2.49162e-05
         183     1.59669     1.59652 2.47991e-05
         184     1.59687     1.59652 2.47388e-05
         185     1.59744     1.59652 2.51028e-05
         186     1.59661     1.59652 2.49718e-05
         187       1.597     1.59653 2.49693e-05
         188     1.59636     1.59653 2.48514e-05
         189     1.59684     1.59653 2.47756e-05
         190     1.59683     1.59653 2.46958e-05
         191     1.59647     1.59653 2.45686e-05
         192     1.59653     1.59653 2.44407e-05
         193       1.597     1.59653 2.44371e-05
         194     1.59668     1.59653 2.43228e-05
         195     1.59665     1.59653 2.42062e-05
         196     1.59677     1.59653 2.41127e-05
         197     1.59683     1.59654 2.40384e-05
         198     1.59637     1.59653  2.3931e-05
         199     1.59635     1.59653 2.38283e-05
         200      1.5966     1.59653 2.37111e-05
         201     1.59596     1.59653 2.37631e-05
         202     1.59658     1.59653  2.3647e-05
         203     1.59728     1.59653 2.38167e-05
         204     1.59669     1.59654 2.37129e-05
         205     1.59628     1.59653 2.36298e-05
         206     1.59649     1.59653 2.35163e-05
         207     1.59677     1.59654 2.34313e-05
         208     1.59725     1.59654 2.35679e-05
         209     1.59619     1.59654 2.35133e-05
         210     1.59574     1.59653 2.37033e-05
         211     1.59668     1.59653 2.36005e-05
         212     1.59685     1.59654 2.35372e-05
         213     1.59672     1.59654 2.34425e-05
         214     1.59675     1.59654 2.33548e-05
         215     1.59677     1.59654 2.32723e-05
         216     1.59631     1.59654 2.31884e-05
         217     1.59622     1.59654 2.31287e-05
         218     1.59676     1.59654 2.30454e-05
         219     1.59663     1.59654 2.29443e-05
         220     1.59657     1.59654 2.28404e-05
         221     1.59671     1.59654 2.27504e-05
         222     1.59644     1.59654 2.26524e-05
         223     1.59651     1.59654 2.25512e-05
         224     1.59633     1.59654 2.24701e-05
         225     1.59677     1.59654 2.23939e-05
         226     1.59692     1.59654 2.23589e-05
         227     1.59653     1.59654 2.22604e-05
         228     1.59664     1.59654  2.2167e-05
         229     1.59718     1.59654 2.22448e-05
         230     1.59586     1.59654 2.23456e-05
         231     1.59671     1.59654 2.22613e-05
         232     1.59711     1.59654 2.23011e-05
         233     1.59657     1.59654 2.22056e-05
         234     1.59752     1.59655  2.2503e-05
         235     1.59589     1.59654  2.2581e-05
         236     1.59684     1.59655 2.25194e-05
         237     1.59596     1.59654 2.25597e-05
         238      1.5964     1.59654 2.24727e-05
         239     1.59676     1.59654 2.23974e-05
         240     1.59744     1.59655 2.26158e-05
         241     1.59607     1.59655 2.26074e-05
         242     1.59643     1.59654 2.25192e-05
         243     1.59658     1.59654  2.2427e-05
         244     1.59662     1.59655 2.23373e-05
         245       1.597     1.59655 2.23247e-05
         246     1.59644     1.59655 2.22379e-05
         247     1.59648     1.59655 2.21497e-05
         248     1.59672     1.59655  2.2071e-05
         249     1.59672     1.59655 2.19931e-05
         250     1.59623     1.59655 2.19424e-05
         251     1.59691     1.59655 2.19019e-05
         252     1.59749     1.59655 2.21346e-05
         253     1.59621     1.59655  2.2088e-05
         254     1.59676     1.59655 2.20166e-05
         255     1.59636     1.59655 2.19435e-05
         256     1.59678     1.59655 2.18757e-05
         257     1.59639     1.59655 2.18001e-05
         258     1.59654     1.59655 2.17156e-05
         259     1.59657     1.59655 2.16319e-05
         260      1.5961     1.59655 2.16174e-05
         261     1.59677     1.59655 2.15515e-05
         262      1.5971     1.59655  2.1571e-05
         263     1.59646     1.59655 2.14917e-05
         264     1.59707     1.59655 2.15007e-05
         265      1.5961     1.59655  2.1489e-05
         266     1.59664     1.59655 2.14106e-05
         267     1.59716     1.59655 2.14497e-05
         268     1.59581     1.59655 2.15505e-05
         269      1.5966     1.59655 2.14711e-05
         270     1.59661     1.59655 2.13928e-05
         271     1.59593     1.59655 2.14384e-05
         272     1.59677     1.59655 2.13748e-05
         273     1.59703     1.59655 2.13684e-05
         274     1.59658     1.59655 2.12906e-05
         275     1.59645     1.59655 2.12164e-05
         276     1.59628     1.59655 2.11624e-05
         277     1.59701     1.59655 2.11504e-05
         278     1.59667     1.59655 2.10784e-05
         279     1.59683     1.59655 2.10261e-05
         280     1.59648     1.59655 2.09525e-05
         281     1.59609     1.59655 2.09423e-05
         282     1.59637     1.59655 2.08775e-05
         283      1.5976     1.59656 2.11311e-05
         284     1.59577     1.59655 2.12383e-05
         285     1.59659     1.59655 2.11642e-05
         286     1.59635     1.59655 2.11024e-05
         287     1.59732     1.59655 2.11989e-05
         288     1.59704     1.59656 2.11932e-05
         289     1.59675     1.59656  2.1131e-05
         290     1.59649     1.59656 2.10593e-05
         291     1.59617     1.59656 2.10298e-05
         292     1.59646     1.59656 2.09606e-05
         293       1.597     1.59656 2.09429e-05
         294      1.5967     1.59656 2.08775e-05
         295     1.59702     1.59656 2.08666e-05
         296     1.59646     1.59656 2.07988e-05
         297     1.59678     1.59656 2.07421e-05
         298      1.5968     1.59656 2.06877e-05
         299     1.59687     1.59656 2.06438e-05
         300     1.59652     1.59656 2.05754e-05
         301     1.59684     1.59656 2.05273e-05
         302     1.59648     1.59656 2.04609e-05
         303     1.59638     1.59656 2.04024e-05
         304      1.5966     1.59656 2.03357e-05
         305     1.59636     1.59656 2.02793e-05
         306     1.59674     1.59656 2.02216e-05
         307     1.59667     1.59656 2.01586e-05
         308     1.59667     1.59656 2.00963e-05
         309     1.59707     1.59656 2.00972e-05
         310     1.59663     1.59656 2.00336e-05
         311     1.59672     1.59656 1.99757e-05
         312     1.59647     1.59656 1.99141e-05
         313     1.59626     1.59656 1.98738e-05
         314     1.59741     1.59657 1.99928e-05
         315     1.59643     1.59656 1.99343e-05
         316     1.59679     1.59657 1.98845e-05
         317     1.59692     1.59657  1.9854e-05
         318     1.59697     1.59657 1.98318e-05
         319     1.59648     1.59657 1.97714e-05
         320     1.59688     1.59657 1.97332e-05
         321     1.59671     1.59657 1.96767e-05
         322     1.59596     1.59657 1.97056e-05
         323     1.59649     1.59657 1.96461e-05
         324     1.59658     1.59657 1.95855e-05
         325     1.59734     1.59657 1.96707e-05
         326     1.59641     1.59657 1.96162e-05
         327     1.59632     1.59657 1.95705e-05
         328     1.59653     1.59657 1.95113e-05
         329     1.59714     1.59657 1.95289e-05
         330     1.59718     1.59657 1.95562e-05
         331      1.5968     1.59657 1.95095e-05
         332     1.59658     1.59657 1.94508e-05
         333      1.5962     1.59657 1.94245e-05
         334      1.5961     1.59657 1.94173e-05
         335     1.59663     1.59657   1.936e-05
         336     1.59678     1.59657 1.93125e-05
         337     1.59684     1.59657 1.92713e-05
         338     1.59654     1.59657 1.92144e-05
         339     1.59633     1.59657 1.91706e-05
         340     1.59626     1.59657 1.91356e-05
         341     1.59674     1.59657 1.90861e-05
         342     1.59646     1.59657 1.90332e-05
         343     1.59621     1.59657 1.90072e-05
         344     1.59668     1.59657 1.89545e-05
         345     1.59681     1.59657 1.89127e-05
         346     1.59717     1.59657 1.89373e-05
         347     1.59687     1.59657 1.89023e-05
         348     1.59657     1.59657  1.8848e-05
         349     1.59629     1.59657 1.88117e-05
         350     1.59602     1.59657 1.88238e-05
         351     1.59697     1.59657 1.88042e-05
         352     1.59648     1.59657 1.87525e-05
         353     1.59678     1.59657 1.87088e-05
         354     1.59712     1.59657 1.87205e-05
         355     1.59675     1.59657 1.86741e-05
         356     1.59591     1.59657 1.87135e-05
         357      1.5962     1.59657 1.86906e-05
         358     1.59625     1.59657 1.86598e-05
         359     1.59647     1.59657 1.86099e-05
         360     1.59663     1.59657  1.8559e-05
         361     1.59724     1.59657 1.85995e-05
         362     1.59609     1.59657 1.85957e-05
         363     1.59648     1.59657 1.85463e-05
         364     1.59716     1.59657 1.85665e-05
         365     1.59681     1.59657  1.8527e-05
         366     1.59706     1.59657 1.85233e-05
         367     1.59637     1.59657 1.84812e-05
         368     1.59614     1.59657 1.84685e-05
         369     1.59696     1.59657 1.84483e-05
         370     1.59648     1.59657    1.84e-05
         371     1.59667     1.59657 1.83522e-05
         372     1.59615     1.59657 1.83386e-05
         373      1.5969     1.59657 1.83108e-05
         374     1.59676     1.59657 1.82688e-05
         375     1.59611     1.59657 1.82612e-05
         376     1.59752     1.59657 1.83871e-05
         377     1.59651     1.59657 1.83391e-05
         378     1.59649     1.59657 1.82919e-05
         379     1.59648     1.59657 1.82452e-05
         380     1.59683     1.59657 1.82094e-05
         381     1.59657     1.59657 1.81616e-05
         382     1.59612     1.59657 1.81531e-05
         383     1.59629     1.59657 1.81204e-05
         384     1.59689     1.59657  1.8092e-05
         385     1.59675     1.59657 1.80508e-05
         386     1.59709     1.59658 1.80544e-05
         387     1.59692     1.59658 1.80301e-05
         388     1.59648     1.59658 1.79853e-05
         389     1.59612     1.59657 1.79778e-05
         390     1.59603     1.59657 1.79851e-05
         391     1.59651     1.59657 1.79399e-05
         392     1.59661     1.59657 1.78945e-05
         393     1.59666     1.59657 1.78503e-05
         394     1.59689     1.59657 1.78232e-05
         395     1.59636     1.59657  1.7786e-05
         396     1.59655     1.59657 1.77412e-05
         397     1.59703     1.59657 1.77345e-05
         398     1.59616     1.59657 1.77199e-05
         399     1.59643     1.59657 1.76794e-05
         400     1.59647     1.59657 1.76371e-05
         401     1.59621     1.59657 1.76163e-05
         402     1.59706     1.59657 1.76149e-05
         403     1.59714     1.59657 1.76266e-05
         404     1.59617     1.59657 1.76116e-05
         405     1.59673     1.59657 1.75724e-05
         406     1.59641     1.59657  1.7534e-05
         407     1.59657     1.59657  1.7491e-05
         408     1.59603     1.59657 1.74981e-05
         409     1.59691     1.59657 1.74747e-05
         410     1.59685     1.59657 1.74451e-05
         411      1.5963     1.59657 1.74153e-05
         412     1.59636     1.59657 1.73807e-05
         413     1.59661     1.59657 1.73389e-05
         414     1.59686     1.59657 1.73108e-05
         415     1.59642     1.59657 1.72729e-05
         416     1.59664     1.59657 1.72322e-05
         417     1.59672     1.59657 1.71944e-05
         418     1.59674     1.59657 1.71577e-05
         419     1.59599     1.59657 1.71724e-05
         420     1.59644     1.59657 1.71344e-05
         421     1.59668     1.59657 1.70958e-05
         422     1.59704     1.59657 1.70908e-05
         423     1.59607     1.59657 1.70912e-05
         424     1.59706     1.59657 1.70901e-05
         425     1.59607     1.59657 1.70904e-05
         426     1.59698     1.59657 1.70777e-05
         427      1.5966     1.59657 1.70379e-05
         428      1.5967     1.59657 1.70005e-05
         429      1.5966     1.59657  1.6961e-05
         430     1.59626     1.59657 1.69374e-05
         431     1.59691     1.59657 1.69163e-05
         432     1.59691     1.59657 1.68945e-05
         433     1.59625     1.59657 1.68717e-05
         434     1.59681     1.59657 1.68418e-05
         435     1.59658     1.59657 1.68031e-05
         436     1.59628     1.59657  1.6778e-05
         437     1.59705     1.59658 1.67743e-05
         438     1.59623     1.59657 1.67543e-05
         439     1.59683     1.59657 1.67261e-05
         440     1.59715     1.59658 1.67385e-05
         441     1.59657     1.59658 1.67006e-05
         442     1.59632     1.59658 1.66725e-05
         443     1.59766     1.59658  1.6814e-05
         444     1.59565     1.59658 1.69043e-05
         445      1.5967     1.59658 1.68688e-05
         446     1.59639     1.59658 1.68359e-05
         447     1.59578     1.59657 1.68913e-05
         448     1.59649     1.59657 1.68547e-05
         449     1.59656     1.59657 1.68172e-05
         450     1.59646     1.59657 1.67817e-05
         451     1.59688     1.59657 1.67581e-05
         452     1.59611     1.59657 1.67529e-05
         453     1.59636     1.59657 1.67224e-05
         454     1.59702     1.59657 1.67152e-05
         455      1.5971     1.59657 1.67188e-05
         456     1.59607     1.59657 1.67187e-05
         457     1.59694     1.59657 1.67016e-05
         458     1.59668     1.59657 1.66668e-05
         459     1.59635     1.59657  1.6638e-05
         460     1.59668     1.59657 1.66035e-05
         461     1.59662     1.59657 1.65678e-05
         462     1.59665     1.59657 1.65327e-05
         463     1.59687     1.59658 1.65094e-05
         464     1.59726     1.59658 1.65396e-05
         465     1.59636     1.59658 1.65106e-05
         466     1.59631     1.59658 1.64849e-05
         467     1.59709     1.59658 1.64861e-05
         468      1.5969     1.59658 1.64651e-05
         469     1.59684     1.59658 1.64394e-05
         470     1.59604     1.59658 1.64446e-05
         471     1.59655     1.59658 1.64098e-05
         472     1.59651     1.59658 1.63757e-05
         473      1.5972     1.59658 1.63941e-05
         474      1.5964     1.59658 1.63638e-05
         475     1.59666     1.59658 1.63302e-05
         476     1.59629     1.59658 1.63074e-05
         477     1.59709     1.59658 1.63084e-05
         478     1.59648     1.59658 1.62755e-05
         479     1.59669     1.59658 1.62432e-05
         480     1.59623     1.59658 1.62258e-05
         481     1.59585     1.59658 1.62624e-05
         482      1.5969     1.59658 1.62426e-05
         483     1.59695     1.59658 1.62274e-05
         484     1.59708     1.59658 1.62272e-05
         485     1.59646     1.59658 1.61956e-05
         486      1.5967     1.59658 1.61642e-05
         487     1.59682     1.59658 1.61386e-05
         488      1.5965     1.59658 1.61064e-05
         489     1.59695     1.59658 1.60913e-05
         490     1.59665     1.59658 1.60592e-05
         491     1.59686     1.59658 1.60369e-05
         492     1.59661     1.59658 1.60044e-05
         493     1.59673     1.59658 1.59748e-05
         494     1.59667     1.59658 1.59435e-05
         495     1.59677     1.59658 1.59157e-05
         496     1.59597     1.59658 1.59319e-05
         497     1.59613     1.59658 1.59257e-05
         498     1.59746     1.59658 1.59916e-05
         499     1.59628     1.59658 1.59709e-05
         500     1.59708     1.59658 1.59703e-05
