#     BLOCK:  ACTUAL_PE:     PE_AVE:      ERROR:
           1     -1.6073     -1.6073           0
           2    -1.58647    -1.59688  0.00736514
           3    -1.68219    -1.62532   0.0237311
           4    -1.58235    -1.61458   0.0200826
           5    -1.39162    -1.56998   0.0429989
           6    -1.27693    -1.52114   0.0572007
           7     -1.2093    -1.47659   0.0640698
           8    -1.17543    -1.43895   0.0662033
           9    -1.16739    -1.40877   0.0653629
          10    -1.20233    -1.38813   0.0620012
          11    -1.22468    -1.37327   0.0581179
          12     -1.2807    -1.36556   0.0537843
          13    -1.27107    -1.35829   0.0501358
          14    -1.11129    -1.34065   0.0495617
          15   -0.990972    -1.31733   0.0514487
          16    -0.90095    -1.29131   0.0544184
          17   -0.839575    -1.26474   0.0573392
          18   -0.782562    -1.23795    0.060086
          19   -0.772964    -1.21348   0.0617066
          20   -0.712142    -1.18841   0.0635089
          21   -0.687664    -1.16457   0.0648067
          22   -0.661602     -1.1417   0.0657699
          23   -0.647202     -1.1202   0.0663315
          24   -0.635088    -1.09999   0.0665763
          25   -0.633654    -1.08134   0.0664751
          26   -0.610788    -1.06324   0.0663362
          27   -0.609624    -1.04644   0.0659725
          28   -0.620897    -1.03124   0.0653435
          29   -0.636534    -1.01763   0.0644921
          30   -0.648853    -1.00534   0.0635031
          31   -0.635219   -0.993398   0.0625669
          32   -0.608363   -0.981366   0.0617578
          33   -0.621986   -0.970475    0.060839
          34   -0.601193   -0.959614   0.0600113
          35   -0.580784    -0.94879   0.0592647
          36   -0.556705   -0.937899   0.0586107
          37   -0.538458   -0.927103   0.0580124
          38   -0.546782   -0.917095   0.0573426
          39   -0.555712   -0.907829    0.056616
          40   -0.545469    -0.89877   0.0559206
          41    -0.54896   -0.890238   0.0552038
          42    -0.52393   -0.881516    0.054574
          43   -0.541029   -0.873598   0.0538762
          44   -0.580634    -0.86694   0.0530616
          45   -0.596743   -0.860935   0.0522211
          46   -0.596379   -0.855184   0.0514015
          47   -0.574371   -0.849209   0.0506539
          48    -0.54044   -0.842777   0.0500054
          49   -0.520297   -0.836195   0.0494161
          50   -0.528799   -0.830047   0.0488087
          51   -0.513822   -0.823847   0.0482439
          52   -0.498678   -0.817594   0.0477197
          53   -0.454083   -0.810735   0.0473097
          54   -0.473472   -0.804489    0.046844
          55    -0.46091   -0.798242   0.0464069
          56    -0.44098   -0.791863   0.0460147
          57   -0.444583    -0.78577    0.045609
          58   -0.464369   -0.780229    0.045158
          59   -0.474977   -0.775055    0.044688
          60   -0.489357   -0.770293   0.0441961
          61   -0.505081   -0.765946   0.0436849
          62   -0.505606   -0.761747   0.0431817
          63      -0.479   -0.757259   0.0427289
          64   -0.459799   -0.752611   0.0423132
          65   -0.469263   -0.748252   0.0418862
          66   -0.511258   -0.744661   0.0414052
          67   -0.536028   -0.741547   0.0409041
          68   -0.528698   -0.738417   0.0404222
          69   -0.488097   -0.734789   0.0399988
          70   -0.466488   -0.730956   0.0396106
          71    -0.46627   -0.727228   0.0392278
          72   -0.494905   -0.724001   0.0388154
          73   -0.507273   -0.721032   0.0383971
          74   -0.544276   -0.718644   0.0379524
          75   -0.557142    -0.71649   0.0375074
          76   -0.559116    -0.71442    0.037071
          77   -0.564206   -0.712469   0.0366409
          78   -0.505052    -0.70981   0.0362675
          79   -0.479256   -0.706891   0.0359256
          80   -0.447499   -0.703649   0.0356226
          81   -0.418336   -0.700127   0.0353565
          82   -0.458574   -0.697181   0.0350478
          83   -0.469262   -0.694435    0.034733
          84   -0.448342   -0.691505   0.0344428
          85   -0.442607   -0.688577   0.0341619
          86   -0.458858   -0.685906   0.0338689
          87   -0.463597    -0.68335   0.0335759
          88   -0.474022   -0.680972   0.0332785
          89    -0.46936   -0.678594   0.0329894
          90   -0.451347   -0.676069   0.0327193
          91   -0.426954   -0.673332   0.0324741
          92    -0.42466   -0.670629   0.0322334
          93   -0.441694   -0.668167   0.0319807
          94   -0.452313   -0.665871   0.0317228
          95   -0.442575    -0.66352   0.0314758
          96   -0.458619   -0.661386   0.0312202
          97   -0.429355   -0.658994   0.0309899
          98    -0.41352   -0.656489   0.0307747
          99   -0.439609   -0.654298   0.0305417
         100    -0.43832   -0.652138   0.0303126
         101   -0.449418   -0.650131   0.0300788
         102   -0.502933   -0.648688   0.0298186
         103   -0.509157   -0.647333   0.0295598
         104   -0.468891   -0.645618   0.0293253
         105   -0.442019   -0.643679   0.0291101
         106    -0.44559    -0.64181   0.0288954
         107   -0.483619   -0.640331   0.0286631
         108   -0.482717   -0.638872   0.0284349
         109   -0.520164   -0.637783   0.0281948
         110   -0.508661   -0.636609   0.0279629
         111   -0.503548    -0.63541   0.0277367
         112   -0.464632   -0.633886   0.0275309
         113   -0.408838   -0.631894   0.0273592
         114   -0.382767   -0.629709   0.0272064
         115   -0.375039   -0.627494   0.0270598
         116   -0.377976   -0.625343   0.0269119
         117   -0.403375   -0.623446   0.0267486
         118   -0.382632   -0.621405   0.0265997
         119    -0.38636    -0.61943   0.0264494
         120   -0.387168   -0.617495   0.0262997
         121   -0.380005   -0.615532   0.0261555
         122   -0.408952   -0.613839   0.0259959
         123   -0.445068   -0.612466   0.0258207
         124   -0.477336   -0.611377   0.0256354
         125   -0.480646   -0.610331   0.0254517
         126   -0.461483   -0.609149   0.0252771
         127   -0.428651   -0.607728    0.025118
         128   -0.433806   -0.606369   0.0249585
         129    -0.47364   -0.605341   0.0247862
         130   -0.505391   -0.604572   0.0246075
         131    -0.49087   -0.603704   0.0244349
         132   -0.447433    -0.60252   0.0242785
         133   -0.427111   -0.601201   0.0241317
         134   -0.425746   -0.599892   0.0239871
         135   -0.423895   -0.598588   0.0238448
         136   -0.458275   -0.597556   0.0236918
         137   -0.453579   -0.596505   0.0235422
         138   -0.421771   -0.595239   0.0234056
         139   -0.397839   -0.593819   0.0232803
         140   -0.396407   -0.592409   0.0231566
         141    -0.41264   -0.591134   0.0230275
         142   -0.442049   -0.590084   0.0228892
         143   -0.452795   -0.589124   0.0227493
         144   -0.450588   -0.588162   0.0226117
         145   -0.442132   -0.587155   0.0224781
         146   -0.440925   -0.586153   0.0223465
         147   -0.413071   -0.584976   0.0222255
         148   -0.388423   -0.583648   0.0221149
         149    -0.35576   -0.582118   0.0220193
         150     -0.3323   -0.580453   0.0219354
         151   -0.333952    -0.57882   0.0218508
         152   -0.365472   -0.577417   0.0217521
         153   -0.386766   -0.576171   0.0216456
         154   -0.399041   -0.575021   0.0215356
         155   -0.420366   -0.574023   0.0214197
         156   -0.361993   -0.572664   0.0213255
         157    -0.34319   -0.571202   0.0212397
         158   -0.375024    -0.56996   0.0211415
         159   -0.369943   -0.568702    0.021046
         160   -0.334288   -0.567237   0.0209654
         161   -0.338882   -0.565819   0.0208831
         162   -0.332715    -0.56438   0.0208037
         163   -0.318775   -0.562873   0.0207305
         164    -0.30971    -0.56133   0.0206615
         165   -0.336239   -0.559965   0.0205813
         166   -0.343996   -0.558664   0.0204984
         167   -0.359386   -0.557471   0.0204103
         168   -0.356271   -0.556273    0.020324
         169   -0.361529   -0.555121   0.0202363
         170   -0.379923   -0.554091   0.0201435
         171   -0.399496   -0.553186    0.020046
         172   -0.419726   -0.552411   0.0199445
         173   -0.454892   -0.551847   0.0198371
         174    -0.43007   -0.551147   0.0197355
         175   -0.398495   -0.550275    0.019642
         176   -0.356542   -0.549174   0.0195612
         177   -0.349588   -0.548046   0.0194832
         178   -0.354479   -0.546959    0.019404
         179   -0.361374   -0.545922   0.0193233
         180   -0.398036     -0.5451   0.0192334
         181   -0.384205   -0.544212   0.0191477
         182   -0.390373   -0.543366   0.0190611
         183   -0.413605   -0.542657   0.0189701
         184   -0.425265   -0.542019   0.0188778
         185    -0.43777   -0.541456   0.0187841
         186    -0.42324    -0.54082   0.0186939
         187   -0.404597   -0.540092   0.0186081
         188   -0.396798   -0.539329   0.0185247
         189    -0.39438   -0.538563   0.0184426
         190   -0.379563   -0.537726   0.0183645
         191   -0.350542   -0.536746   0.0182945
         192   -0.364437   -0.535848   0.0182212
         193   -0.383087   -0.535057    0.018144
         194   -0.343885   -0.534071   0.0180772
         195   -0.346739   -0.533111     0.01801
         196   -0.349329   -0.532173   0.0179425
         197   -0.364279   -0.531321   0.0178716
         198    -0.38015   -0.530557   0.0177977
         199   -0.444155   -0.530123   0.0177135
         200   -0.464173   -0.529793    0.017628
         201   -0.435601   -0.529325   0.0175466
         202     -0.4075   -0.528722   0.0174701
         203   -0.368013    -0.52793   0.0174019
         204   -0.364459   -0.527129   0.0173351
         205   -0.411959   -0.526567   0.0172596
         206   -0.414589   -0.526023   0.0171844
         207   -0.402896   -0.525428   0.0171117
         208   -0.363601    -0.52465   0.0170471
         209   -0.370058   -0.523911   0.0169815
         210   -0.363608   -0.523147   0.0169178
         211   -0.372254   -0.522432   0.0168528
         212   -0.388266   -0.521799   0.0167851
         213   -0.383895   -0.521152   0.0167188
         214   -0.431834   -0.520735   0.0166459
         215   -0.436611   -0.520343   0.0165731
         216   -0.446288       -0.52   0.0164999
         217   -0.441999   -0.519641   0.0164278
         218   -0.405473   -0.519117   0.0163608
         219   -0.408492   -0.518612   0.0162939
         220   -0.360097   -0.517892   0.0162357
         221     -0.3369   -0.517073   0.0161829
         222   -0.334872   -0.516252   0.0161308
         223   -0.344875   -0.515483   0.0160768
         224   -0.364611    -0.51481   0.0160191
         225   -0.377312   -0.514199   0.0159595
         226   -0.370199   -0.513562   0.0159016
         227   -0.377392   -0.512962   0.0158429
         228   -0.325376   -0.512139   0.0157948
         229   -0.307811   -0.511247    0.015751
         230   -0.291829   -0.510293   0.0157114
         231   -0.287714   -0.509329   0.0156729
         232   -0.303665   -0.508443   0.0156304
         233   -0.317627   -0.507624   0.0155847
         234   -0.343211   -0.506921   0.0155339
         235   -0.356568   -0.506281    0.015481
         236   -0.327114   -0.505522    0.015434
         237   -0.316457   -0.504724   0.0153895
         238   -0.313984   -0.503923   0.0153457
         239   -0.342719   -0.503248   0.0152963
         240   -0.329333   -0.502524   0.0152497
         241   -0.326862   -0.501795   0.0152038
         242   -0.313665   -0.501018   0.0151609
         243   -0.322332   -0.500282   0.0151163
         244   -0.319101    -0.49954   0.0150726
         245   -0.322711   -0.498818   0.0150283
         246   -0.328545   -0.498126   0.0149832
         247    -0.36278   -0.497578   0.0149325
         248   -0.332601   -0.496913   0.0148871
         249   -0.325445   -0.496224   0.0148433
         250   -0.354425   -0.495657   0.0147947
         251   -0.364896   -0.495136   0.0147449
         252   -0.364549   -0.494618   0.0146955
         253   -0.361459   -0.494091   0.0146469
         254    -0.34528   -0.493505   0.0146009
         255   -0.313279   -0.492799   0.0145608
         256   -0.297424   -0.492035   0.0145239
         257   -0.301857   -0.491295   0.0144862
         258   -0.349447   -0.490746   0.0144405
         259    -0.39475   -0.490375   0.0143895
         260   -0.404973   -0.490047   0.0143379
         261   -0.390283   -0.489664    0.014288
         262    -0.36576   -0.489191   0.0142413
         263   -0.357146   -0.488689    0.014196
         264   -0.359786   -0.488201   0.0141507
         265   -0.358915   -0.487713   0.0141057
         266   -0.363367   -0.487246   0.0140604
         267   -0.364511   -0.486786   0.0140152
         268   -0.368118   -0.486343   0.0139699
         269   -0.371247   -0.485915   0.0139245
         270    -0.35792   -0.485441    0.013881
         271   -0.376857   -0.485041   0.0138356
         272   -0.378921    -0.48465   0.0137902
         273   -0.397596   -0.484332   0.0137434
         274   -0.416936   -0.484086   0.0136954
         275   -0.398777   -0.483775   0.0136492
         276   -0.376247   -0.483386   0.0136053
         277   -0.424058   -0.483172   0.0135578
         278   -0.433358   -0.482992   0.0135102
         279    -0.41554   -0.482751    0.013464
         280   -0.395945   -0.482441   0.0134195
         281   -0.361764   -0.482011   0.0133786
         282   -0.335002    -0.48149   0.0133413
         283   -0.311447   -0.480889   0.0133077
         284    -0.32969   -0.480357   0.0132715
         285   -0.348413   -0.479894    0.013233
         286   -0.357925   -0.479467   0.0131936
         287   -0.354509   -0.479032   0.0131548
         288   -0.364864   -0.478635   0.0131151
         289   -0.356586   -0.478213   0.0130765
         290   -0.340522   -0.477738     0.01304
         291   -0.344104   -0.477279   0.0130033
         292   -0.368238   -0.476906   0.0129641
         293   -0.374199   -0.476555   0.0129246
         294   -0.389589   -0.476259    0.012884
         295   -0.359707   -0.475864   0.0128464
         296   -0.346317   -0.475427   0.0128105
         297   -0.354577    -0.47502   0.0127738
         298   -0.397225   -0.474759   0.0127336
         299   -0.419249   -0.474573   0.0126924
         300   -0.414468   -0.474373   0.0126516
         301   -0.415708   -0.474178   0.0126111
         302   -0.409085   -0.473962   0.0125712
         303   -0.434358   -0.473831   0.0125304
         304   -0.422792   -0.473664   0.0124903
         305   -0.427287   -0.473512   0.0124503
         306   -0.379601   -0.473205   0.0124134
         307   -0.356578   -0.472825   0.0123787
         308   -0.378028   -0.472517   0.0123424
         309   -0.366374   -0.472173   0.0123072
         310   -0.374452   -0.471858   0.0122715
         311   -0.408892   -0.471656   0.0122338
         312   -0.416521   -0.471479   0.0121958
         313   -0.413177   -0.471293   0.0121583
         314   -0.444003   -0.471206   0.0121199
         315   -0.405548   -0.470997   0.0120832
         316   -0.378579   -0.470705   0.0120485
         317   -0.365029   -0.470372   0.0120151
         318   -0.332748   -0.469939   0.0119851
         319   -0.339609    -0.46953   0.0119545
         320   -0.373932   -0.469232   0.0119209
         321   -0.394796      -0.469    0.011886
         322   -0.422476   -0.468855   0.0118499
         323   -0.388675   -0.468607   0.0118159
         324   -0.367602   -0.468295   0.0117835
         325   -0.354436   -0.467945   0.0117525
         326   -0.347146   -0.467574   0.0117222
         327   -0.343925   -0.467196   0.0116925
         328   -0.343091   -0.466818    0.011663
         329   -0.352086   -0.466469   0.0116327
         330   -0.377621     -0.4662   0.0116006
         331   -0.376982    -0.46593   0.0115687
         332   -0.379152   -0.465669   0.0115368
         333   -0.363919   -0.465363   0.0115062
         334   -0.377944   -0.465102   0.0114747
         335   -0.413442   -0.464947   0.0114415
         336   -0.436113   -0.464862   0.0114078
         337    -0.44064    -0.46479   0.0113741
         338   -0.420639   -0.464659   0.0113412
         339   -0.416348   -0.464517   0.0113087
         340    -0.39927   -0.464325    0.011277
         341   -0.417315   -0.464187   0.0112448
         342   -0.417709   -0.464051   0.0112128
         343   -0.436429    -0.46397   0.0111804
         344   -0.430164   -0.463872   0.0111483
         345   -0.426615   -0.463764   0.0111165
         346   -0.419028   -0.463635   0.0110851
         347   -0.425486   -0.463525   0.0110537
         348   -0.414683   -0.463385   0.0110228
         349   -0.439588   -0.463316   0.0109915
         350   -0.483455   -0.463374   0.0109602
         351   -0.516998   -0.463527   0.0109301
         352   -0.492527   -0.463609   0.0108993
         353   -0.469223   -0.463625   0.0108685
         354   -0.456052   -0.463604   0.0108378
         355   -0.466358   -0.463611   0.0108072
         356   -0.445741   -0.463561    0.010777
         357   -0.435472   -0.463482   0.0107471
         358   -0.435574   -0.463404   0.0107174
         359   -0.451297   -0.463371   0.0106876
         360   -0.429285   -0.463276   0.0106583
         361   -0.424614   -0.463169   0.0106293
         362   -0.382707   -0.462947   0.0106023
         363   -0.363844   -0.462674   0.0105766
         364   -0.396223   -0.462491   0.0105491
         365   -0.384613   -0.462278   0.0105224
         366   -0.396759   -0.462099   0.0104951
         367   -0.425097   -0.461998    0.010467
         368   -0.424546   -0.461896   0.0104391
         369   -0.418102   -0.461777   0.0104115
         370     -0.3515   -0.461479   0.0103876
         371   -0.348036   -0.461174   0.0103641
         372   -0.342596   -0.460855   0.0103411
         373   -0.351029    -0.46056   0.0103176
         374    -0.35733   -0.460284   0.0102937
         375   -0.341234   -0.459967   0.0102711
         376   -0.377113   -0.459747   0.0102462
         377   -0.391288   -0.459565   0.0102206
         378   -0.391021   -0.459384   0.0101952
         379    -0.37847    -0.45917   0.0101705
         380   -0.367567   -0.458929   0.0101466
         381   -0.359527   -0.458668   0.0101233
         382   -0.353414   -0.458393   0.0101006
         383   -0.359536   -0.458135   0.0100775
         384   -0.349973   -0.457853   0.0100552
         385    -0.33742    -0.45754   0.0100339
         386   -0.337411   -0.457229   0.0100128
         387   -0.374537   -0.457015  0.00998918
         388   -0.398237   -0.456864  0.00996458
         389   -0.421206   -0.456772  0.00993939
         390   -0.471783   -0.456811  0.00991398
         391   -0.448909    -0.45679  0.00988864
         392   -0.385819   -0.456609  0.00986508
         393    -0.39361   -0.456449  0.00984128
         394    -0.39323   -0.456289  0.00981761
         395   -0.430215   -0.456223  0.00979297
         396   -0.413397   -0.456114  0.00976884
         397   -0.398045   -0.455968  0.00974533
         398   -0.384107   -0.455788  0.00972252
         399    -0.35762   -0.455542  0.00970126
         400   -0.352874   -0.455285   0.0096804
         401   -0.344574   -0.455009   0.0096602
         402   -0.347506   -0.454741  0.00963987
         403    -0.36085   -0.454508  0.00961876
         404   -0.383941   -0.454334  0.00959654
         405   -0.374447   -0.454136  0.00957487
         406    -0.37411   -0.453939  0.00955332
         407   -0.403223   -0.453815  0.00953066
         408   -0.456595   -0.453822   0.0095073
         409   -0.466848   -0.453853  0.00948411
         410   -0.452366    -0.45385  0.00946098
         411   -0.452326   -0.453846  0.00943796
         412   -0.435973   -0.453803  0.00941515
         413   -0.428705   -0.453742  0.00939255
         414   -0.419437   -0.453659  0.00937023
         415   -0.409394   -0.453552  0.00934826
         416   -0.408019   -0.453443  0.00932643
         417   -0.412799   -0.453345  0.00930457
         418   -0.392728     -0.4532  0.00928344
         419   -0.429378   -0.453144  0.00926146
         420    -0.43178   -0.453093  0.00923955
         421   -0.451485   -0.453089   0.0092176
         422   -0.417144   -0.453004  0.00919615
         423   -0.437225   -0.452966  0.00917449
         424   -0.426885   -0.452905  0.00915305
         425    -0.41876   -0.452825  0.00913187
         426   -0.378771   -0.452651  0.00911209
         427   -0.364938   -0.452445  0.00909306
         428   -0.383337   -0.452284  0.00907325
         429   -0.410892   -0.452187  0.00905261
         430   -0.456331   -0.452197  0.00903157
         431   -0.471366   -0.452241  0.00901072
         432    -0.47222   -0.452288  0.00898998
         433   -0.477831   -0.452347  0.00896941
         434   -0.444214   -0.452328  0.00894877
         435   -0.421458   -0.452257  0.00892848
         436   -0.430214   -0.452206  0.00890814
         437   -0.436984   -0.452172  0.00888782
         438    -0.45371   -0.452175  0.00886753
         439   -0.530402   -0.452353  0.00884912
         440   -0.519992   -0.452507  0.00883035
         441   -0.535227   -0.452695  0.00881232
         442   -0.470794   -0.452736  0.00879247
         443   -0.447875   -0.452725  0.00877263
         444   -0.407795   -0.452623  0.00875346
         445   -0.446238   -0.452609   0.0087338
         446   -0.492176   -0.452698  0.00871467
         447   -0.442666   -0.452675   0.0086952
         448   -0.403873   -0.452566  0.00867647
         449   -0.375394   -0.452395  0.00865885
         450   -0.368309   -0.452208  0.00864163
         451   -0.404139   -0.452101  0.00862312
         452   -0.425942   -0.452043  0.00860424
         453   -0.459952   -0.452061  0.00858526
         454   -0.483388    -0.45213  0.00856663
         455   -0.459092   -0.452145  0.00854782
         456   -0.438112   -0.452114  0.00852913
         457   -0.423005   -0.452051   0.0085107
         458   -0.461323   -0.452071  0.00849214
         459    -0.46849   -0.452107  0.00847372
         460   -0.474414   -0.452155  0.00845543
         461   -0.489315   -0.452236  0.00843748
         462   -0.475414   -0.452286  0.00841936
         463   -0.466524   -0.452317  0.00840123
         464   -0.433632   -0.452276  0.00838323
         465   -0.414812   -0.452196  0.00836558
         466   -0.424004   -0.452135  0.00834785
         467   -0.429892   -0.452088  0.00833011
         468   -0.439148    -0.45206  0.00831236
         469   -0.430825   -0.452015  0.00829476
         470   -0.455963   -0.452023  0.00827711
         471    -0.45928   -0.452038  0.00825955
         472   -0.447567   -0.452029  0.00824206
         473   -0.452807   -0.452031  0.00822464
         474   -0.449163   -0.452025  0.00820729
         475   -0.464035    -0.45205  0.00819005
         476   -0.444869   -0.452035  0.00817285
         477    -0.47328   -0.452079  0.00815584
         478    -0.50167   -0.452183  0.00813944
         479   -0.456088   -0.452191  0.00812245
         480     -0.4367   -0.452159  0.00810559
         481   -0.392044   -0.452034  0.00808971
         482   -0.392083    -0.45191  0.00807388
         483   -0.413428    -0.45183  0.00805755
         484   -0.439241   -0.451804  0.00804095
         485   -0.466846   -0.451835  0.00802443
         486   -0.454987   -0.451841  0.00800792
         487   -0.437407   -0.451812  0.00799153
         488   -0.410701   -0.451728   0.0079756
         489   -0.412209   -0.451647   0.0079597
         490   -0.422649   -0.451588  0.00794368
         491   -0.432646   -0.451549  0.00792759
         492   -0.465064   -0.451576  0.00791153
         493   -0.487595   -0.451649  0.00789581
         494    -0.47089   -0.451688  0.00787993
         495   -0.457039   -0.451699  0.00786402
         496    -0.42227    -0.45164  0.00784838
         497   -0.398399   -0.451533  0.00783332
         498   -0.381291   -0.451392  0.00781886
         499   -0.373307   -0.451235  0.00780476
         500   -0.396648   -0.451126  0.00778992
