#     BLOCK:   ACTUAL_T:     T_AVE:       ERROR:
           1     2.05314     2.05314           0
           2     2.20683     2.12998   0.0543381
           3     1.97791     2.07929   0.0550031
           4     2.26053      2.1246   0.0569334
           5     2.16742     2.13317   0.0461863
           6     2.19475     2.14343   0.0396128
           7     2.15499     2.14508   0.0339882
           8     2.07911     2.13684    0.030724
           9     2.02249     2.12413   0.0298217
          10     1.95849     2.10757   0.0311013
          11      1.9248     2.09095   0.0324095
          12     1.90179     2.07519   0.0333226
          13     1.88167      2.0603   0.0339217
          14     1.85522     2.04565    0.034517
          15     1.85058     2.03265    0.034579
          16     1.84223     2.02075   0.0344049
          17     1.82727     2.00937   0.0342117
          18      1.8532     2.00069    0.033393
          19      1.8631     1.99345   0.0324112
          20     1.86419     1.98699   0.0314284
          21     1.89254     1.98249   0.0302519
          22     1.86237     1.97703   0.0293654
          23     1.92933     1.97495   0.0281618
          24     1.90267     1.97194   0.0271489
          25     1.92553     1.97009   0.0261264
          26     1.89493      1.9672   0.0252809
          27     1.83307     1.96223   0.0248278
          28     1.77563     1.95556   0.0248194
          29     1.75656      1.9487   0.0248941
          30     1.69297     1.94018    0.025482
          31     1.66334     1.93125   0.0261781
          32     1.66401      1.9229   0.0266589
          33     1.63435     1.91415   0.0272473
          34     1.61234     1.90528   0.0278544
          35     1.57392     1.89581   0.0286223
          36     1.59619     1.88749    0.029012
          37     1.57928     1.87916   0.0293995
          38     1.57892     1.87125   0.0296685
          39     1.53504     1.86263   0.0301343
          40     1.54167     1.85461   0.0304305
          41     1.52923     1.84667   0.0307056
          42     1.51587      1.8388   0.0309682
          43     1.50528     1.83104   0.0312043
          44     1.50424     1.82361   0.0313666
          45     1.49586     1.81633   0.0315038
          46     1.49486     1.80934   0.0315846
          47     1.48211     1.80238   0.0316706
          48     1.49298     1.79593     0.03166
          49     1.46764     1.78923   0.0317149
          50     1.50472     1.78354   0.0315869
          51     1.46928     1.77738   0.0315629
          52     1.47336     1.77153   0.0314927
          53     1.47525     1.76594   0.0313908
          54     1.46609     1.76039   0.0312968
          55     1.46925      1.7551   0.0311722
          56     1.48596     1.75029   0.0309838
          57     1.49299     1.74578   0.0307673
          58     1.48367     1.74126   0.0305669
          59     1.48812     1.73697   0.0303484
          60     1.50503      1.7331   0.0300878
          61     1.49197     1.72915   0.0298531
          62     1.48349     1.72519   0.0296334
          63     1.47714     1.72125   0.0294234
          64     1.46245     1.71721   0.0292402
          65     1.48106     1.71357   0.0290152
          66     1.47643     1.70998   0.0287972
          67     1.48348      1.7066   0.0285651
          68     1.44757     1.70279   0.0283979
          69     1.46579     1.69936   0.0281933
          70     1.43736     1.69561   0.0280379
          71     1.43965     1.69201   0.0278738
          72     1.43063     1.68838    0.027722
          73     1.43119     1.68485   0.0275652
          74     1.41523     1.68121   0.0274325
          75     1.42344     1.67777   0.0272812
          76     1.43377     1.67456   0.0271105
          77      1.4439     1.67157   0.0269234
          78     1.42597     1.66842   0.0267617
          79     1.41628     1.66523   0.0266126
          80     1.43933      1.6624   0.0264293
          81     1.43274     1.65957   0.0262546
          82      1.4281     1.65675   0.0260858
          83     1.41268     1.65381   0.0259367
          84     1.41423     1.65095   0.0257843
          85      1.4324     1.64838   0.0256088
          86       1.417     1.64569    0.025452
          87     1.45422     1.64349   0.0252544
          88     1.44843     1.64127   0.0250645
          89     1.46091     1.63925   0.0248647
          90      1.4627     1.63729   0.0246656
          91     1.46827     1.63543   0.0244644
          92     1.45592     1.63348   0.0242762
          93      1.4499      1.6315   0.0240953
          94     1.44448     1.62951   0.0239209
          95     1.41727     1.62728   0.0237732
          96     1.43157     1.62524   0.0236129
          97     1.41018     1.62302   0.0234733
          98     1.41224     1.62087   0.0233321
          99     1.42218     1.61887   0.0231826
         100     1.41181      1.6168    0.023043
         101      1.4025     1.61467   0.0229123
         102     1.41102     1.61268   0.0227745
         103     1.39828      1.6106   0.0226484
         104     1.39512     1.60852   0.0225252
         105     1.37159     1.60627   0.0224234
         106     1.36259     1.60397   0.0223294
         107      1.3878     1.60195   0.0222119
         108     1.37208     1.59982   0.0221079
         109     1.36999     1.59771   0.0220054
         110     1.37315     1.59567   0.0218999
         111     1.36489     1.59359   0.0218011
         112     1.35178     1.59143    0.021713
         113     1.36259     1.58941   0.0216151
         114     1.35885     1.58738   0.0215199
         115     1.37083      1.5855    0.021415
         116     1.37689      1.5837   0.0213058
         117     1.35898     1.58178   0.0212101
         118     1.40214     1.58026   0.0210849
         119     1.39727     1.57872   0.0209637
         120     1.38374      1.5771   0.0208519
         121     1.39587      1.5756   0.0207333
         122     1.40593     1.57421   0.0206099
         123     1.40909     1.57287   0.0204861
         124     1.39431     1.57143   0.0203714
         125     1.38921     1.56997   0.0202605
         126     1.37821     1.56845   0.0201568
         127     1.37881     1.56695   0.0200533
         128     1.36278     1.56536     0.01996
         129     1.37519     1.56388   0.0198596
         130     1.37848     1.56246    0.019758
         131     1.40832     1.56128   0.0196422
         132     1.40125     1.56007   0.0195307
         133     1.42842     1.55908    0.019409
         134     1.41543     1.55801   0.0192937
         135     1.41367     1.55694   0.0191804
         136     1.41998     1.55593   0.0190658
         137     1.39621     1.55476   0.0189622
         138     1.38293     1.55352   0.0188657
         139     1.38793     1.55233   0.0187675
         140     1.36279     1.55097   0.0186822
         141     1.36401     1.54965   0.0185967
         142     1.38646      1.5485   0.0185012
         143     1.39257     1.54741    0.018404
         144     1.39523     1.54635   0.0183065
         145        1.41     1.54541   0.0182044
         146     1.39406     1.54437   0.0181092
         147     1.42218     1.54354    0.018005
         148     1.43166     1.54279   0.0178992
         149     1.44185     1.54211   0.0177919
         150     1.42952     1.54136   0.0176891
         151     1.43421     1.54065   0.0175862
         152     1.43957     1.53998   0.0174831
         153     1.44244     1.53935   0.0173804
         154     1.43847     1.53869   0.0172799
         155     1.40275     1.53782   0.0171907
         156     1.39906     1.53693   0.0171035
         157     1.39404     1.53602   0.0170187
         158     1.37431     1.53499   0.0169418
         159     1.36166      1.5339   0.0168703
         160     1.36361     1.53284   0.0167984
         161     1.33626     1.53162   0.0167383
         162       1.349     1.53049   0.0166729
         163     1.37328     1.52953   0.0165985
         164     1.36642     1.52853   0.0165271
         165     1.38207     1.52764   0.0164507
         166      1.3724     1.52671   0.0163782
         167     1.35892      1.5257   0.0163109
         168      1.3674     1.52476    0.016241
         169     1.35237     1.52374   0.0161769
         170     1.36558     1.52281   0.0161085
         171     1.36484     1.52189   0.0160407
         172     1.37503     1.52103   0.0159702
         173     1.37118     1.52017   0.0159013
         174     1.37564     1.51934   0.0158316
         175     1.37925     1.51854   0.0157614
         176     1.38134     1.51776   0.0156911
         177     1.37979     1.51698   0.0156218
         178     1.37435     1.51618   0.0155546
         179     1.36767     1.51535   0.0154898
         180     1.36288      1.5145   0.0154269
         181     1.35704     1.51363   0.0153662
         182      1.3413     1.51268   0.0153109
         183     1.34455     1.51176   0.0152547
         184     1.34985     1.51088   0.0151972
         185     1.34388     1.50998   0.0151418
         186     1.37287     1.50924   0.0150784
         187     1.38207     1.50856   0.0150131
         188     1.34947     1.50772    0.014957
         189     1.36166     1.50694   0.0148979
         190     1.35662     1.50615   0.0148404
         191     1.37265     1.50545   0.0147792
         192     1.36707     1.50473   0.0147198
         193     1.35401     1.50395   0.0146642
         194     1.34751     1.50315   0.0146108
         195     1.34283     1.50232    0.014559
         196     1.33681     1.50148   0.0145092
         197     1.34372     1.50068   0.0144576
         198     1.37046     1.50002   0.0143995
         199     1.34197     1.49923    0.014349
         200     1.37084     1.49858   0.0142916
         201     1.36434     1.49792   0.0142361
         202     1.36336     1.49725   0.0141812
         203     1.38312     1.49669   0.0141225
         204     1.41441     1.49628   0.0140591
         205     1.39459     1.49579   0.0139992
         206     1.41258     1.49538   0.0139371
         207     1.39528      1.4949   0.0138781
         208     1.35913     1.49425   0.0138268
         209     1.37906      1.4937   0.0137716
         210       1.339     1.49296   0.0137257
         211     1.36198     1.49234   0.0136747
         212     1.36013     1.49172   0.0136244
         213     1.38717     1.49123   0.0135693
         214      1.3857     1.49073   0.0135148
         215     1.39484     1.49029   0.0134593
         216     1.37671     1.48976   0.0134073
         217     1.41204      1.4894   0.0133503
         218     1.40946     1.48904   0.0132941
         219     1.39836     1.48862   0.0132398
         220     1.40842     1.48826   0.0131846
         221     1.39938     1.48786   0.0131311
         222     1.40054     1.48746   0.0130779
         223     1.37056     1.48694   0.0130297
         224     1.37788     1.48645   0.0129806
         225     1.33778     1.48579   0.0129397
         226     1.33663     1.48513   0.0128993
         227     1.32733     1.48443   0.0128612
         228     1.31203     1.48368    0.012827
         229     1.31004     1.48292   0.0127934
         230      1.3184     1.48221   0.0127577
         231     1.31096     1.48146    0.012724
         232     1.32077     1.48077    0.012688
         233     1.32547      1.4801   0.0126511
         234     1.34076     1.47951    0.012611
         235     1.31284      1.4788   0.0125773
         236     1.32598     1.47815   0.0125406
         237     1.32819     1.47752   0.0125037
         238      1.3156     1.47684   0.0124696
         239     1.32907     1.47622   0.0124328
         240     1.31618     1.47555   0.0123988
         241     1.31394     1.47488   0.0123655
         242     1.32075     1.47425   0.0123308
         243     1.33235     1.47366   0.0122939
         244     1.34127     1.47312   0.0122555
         245     1.35196     1.47263   0.0122154
         246     1.36972     1.47221   0.0121729
         247     1.37105      1.4718   0.0121305
         248     1.39333     1.47148   0.0120857
         249     1.39186     1.47116   0.0120414
         250     1.37882     1.47079   0.0119989
         251     1.37467     1.47041   0.0119572
         252     1.36915     1.47001   0.0119165
         253     1.34618     1.46952   0.0118795
         254     1.35392     1.46906   0.0118414
         255     1.35931     1.46863   0.0118028
         256     1.34761     1.46816   0.0117662
         257      1.3772     1.46781   0.0117257
         258     1.38223     1.46747    0.011685
         259     1.41041     1.46725   0.0116419
         260     1.39188     1.46696   0.0116007
         261     1.39353     1.46668   0.0115597
         262     1.38998     1.46639   0.0115193
         263      1.3675     1.46601   0.0114816
         264     1.35825     1.46561   0.0114454
         265     1.36449     1.46522   0.0114086
         266     1.33399     1.46473   0.0113763
         267     1.34871      1.4643    0.011342
         268     1.34793     1.46386    0.011308
         269       1.339      1.4634   0.0112755
         270     1.35372     1.46299    0.011241
         271      1.3666     1.46264   0.0112052
         272     1.37261      1.4623   0.0111689
         273     1.36259     1.46194   0.0111339
         274     1.37068     1.46161   0.0110983
         275     1.33979     1.46116   0.0110668
         276     1.35147     1.46077   0.0110338
         277     1.32509     1.46028   0.0110048
         278      1.3342     1.45982   0.0109746
         279     1.32624     1.45934   0.0109457
         280     1.33106     1.45889   0.0109162
         281     1.34216     1.45847   0.0108852
         282     1.33617     1.45804   0.0108553
         283     1.36432     1.45771    0.010822
         284     1.35402     1.45734     0.01079
         285     1.36509     1.45702    0.010757
         286      1.3676      1.4567   0.0107239
         287     1.36903      1.4564   0.0106909
         288      1.3601     1.45606    0.010659
         289     1.37351     1.45578    0.010626
         290     1.34517      1.4554   0.0105962
         291     1.35937     1.45507   0.0105649
         292     1.35694     1.45473   0.0105341
         293     1.34477     1.45436   0.0105048
         294     1.33509     1.45395   0.0104769
         295     1.34206     1.45357   0.0104482
         296     1.30521     1.45307    0.010425
         297     1.30965     1.45259    0.010401
         298      1.2933     1.45205   0.0103799
         299     1.27736     1.45147   0.0103616
         300     1.29455     1.45095   0.0103402
         301     1.28199     1.45038   0.0103211
         302     1.29172     1.44986   0.0103003
         303     1.31085      1.4494   0.0102765
         304     1.30517     1.44893   0.0102537
         305     1.31742     1.44849   0.0102291
         306     1.32602     1.44809   0.0102035
         307     1.32247     1.44768   0.0101785
         308     1.33789     1.44733   0.0101517
         309     1.35174     1.44702   0.0101235
         310     1.33817     1.44667   0.0100969
         311     1.30226      1.4462   0.0100751
         312     1.30926     1.44576   0.0100524
         313     1.28887     1.44526   0.0100328
         314     1.29738     1.44479   0.0100119
         315     1.31475     1.44438   0.0099886
         316     1.31408     1.44397   0.0099655
         317     1.31951     1.44357  0.00994179
         318     1.30248     1.44313  0.00992043
         319     1.28563     1.44264  0.00990161
         320     1.28915     1.44216  0.00988228
         321     1.28388     1.44166  0.00986378
         322      1.2966     1.44121  0.00984343
         323     1.29751     1.44077  0.00982301
         324     1.27553     1.44026  0.00980592
         325     1.27028     1.43974  0.00978968
         326     1.28331     1.43926  0.00977141
         327     1.27288     1.43875  0.00975476
         328     1.26842     1.43823  0.00973884
         329      1.2802     1.43775  0.00972107
         330      1.2964     1.43732  0.00970105
         331     1.29408     1.43689  0.00968139
         332     1.29354     1.43645  0.00966185
         333     1.30259     1.43605  0.00964119
         334     1.30503     1.43566  0.00962031
         335     1.28649     1.43522  0.00960189
         336     1.31667     1.43486  0.00957979
         337     1.30382     1.43447  0.00955925
         338     1.30693      1.4341  0.00953841
         339     1.31828     1.43375  0.00951639
         340     1.31659     1.43341  0.00949464
         341     1.33393     1.43312  0.00947128
         342     1.32726     1.43281  0.00944864
         343     1.33868     1.43253  0.00942508
         344     1.34941     1.43229  0.00940078
         345     1.36192     1.43209  0.00937574
         346     1.37321     1.43192  0.00935019
         347     1.33346     1.43163  0.00932755
         348     1.36907     1.43145  0.00930248
         349     1.33971     1.43119  0.00927953
         350     1.32123     1.43088  0.00925834
         351     1.31026     1.43053  0.00923834
         352     1.29415     1.43015  0.00922021
         353     1.29626     1.42977  0.00920189
         354     1.29863      1.4294  0.00918335
         355     1.29048     1.42901  0.00916582
         356     1.31033     1.42867  0.00914613
         357     1.29664      1.4283  0.00912798
         358     1.31361     1.42798  0.00910811
         359      1.3348     1.42772  0.00908643
         360     1.32529     1.42744  0.00906565
         361     1.31331     1.42712  0.00904605
         362     1.32713     1.42685  0.00902527
         363     1.33461     1.42659  0.00900399
         364     1.31411     1.42628  0.00898455
         365     1.34226     1.42605  0.00896288
         366     1.33754     1.42581  0.00894166
         367     1.34401     1.42559  0.00892007
         368     1.35155     1.42539   0.0088981
         369      1.3659     1.42523  0.00887545
         370     1.34638     1.42501  0.00885402
         371     1.34916     1.42481  0.00883251
         372       1.345     1.42459  0.00881137
         373     1.32219     1.42432  0.00879203
         374     1.34547     1.42411  0.00877104
         375      1.3224     1.42384  0.00875185
         376     1.33594      1.4236  0.00873169
         377     1.32501     1.42334  0.00871245
         378     1.32945     1.42309  0.00869294
         379     1.31893     1.42282  0.00867435
         380     1.31661     1.42254  0.00865602
         381     1.29963     1.42222  0.00863931
         382     1.29641     1.42189  0.00862297
         383     1.30559     1.42158   0.0086058
         384     1.30899     1.42129  0.00858838
         385     1.31458     1.42101  0.00857055
         386     1.32522     1.42076  0.00855193
         387      1.2931     1.42043   0.0085362
         388     1.29424     1.42011  0.00852039
         389     1.29467     1.41979  0.00850459
         390     1.29638     1.41947  0.00848866
         391     1.29125     1.41914  0.00847329
         392     1.30284     1.41885  0.00845686
         393     1.30526     1.41856  0.00844028
         394     1.30942     1.41828   0.0084234
         395     1.31142     1.41801  0.00840642
         396     1.32287     1.41777  0.00838863
         397     1.35908     1.41762   0.0083688
         398     1.36166     1.41748  0.00834895
         399     1.37551     1.41738  0.00832869
         400     1.37161     1.41726  0.00830865
         401     1.35237      1.4171  0.00828951
         402     1.35722     1.41695  0.00827023
         403     1.33716     1.41675  0.00825208
         404      1.3354     1.41655  0.00823411
         405     1.30999     1.41629  0.00821798
         406     1.30983     1.41603  0.00820192
         407     1.30156     1.41574  0.00818659
         408     1.31257     1.41549  0.00817043
         409     1.32529     1.41527  0.00815343
         410     1.35263     1.41512  0.00813497
         411     1.33938     1.41493  0.00811727
         412     1.34173     1.41476  0.00809951
         413     1.34547     1.41459  0.00808163
         414     1.32106     1.41436  0.00806527
         415     1.31188     1.41412  0.00804962
         416     1.30154     1.41384  0.00803481
         417     1.29938     1.41357  0.00802023
         418     1.32288     1.41335  0.00800398
         419      1.2975     1.41308  0.00798965
         420     1.31564     1.41284    0.007974
         421     1.31689     1.41262  0.00795831
         422     1.30809     1.41237  0.00794331
         423     1.31138     1.41213  0.00792812
         424     1.33438     1.41195  0.00791154
         425     1.32176     1.41173  0.00789577
         426      1.3185     1.41152  0.00788027
         427     1.34883     1.41137  0.00786318
         428     1.35502     1.41124  0.00784591
         429     1.33369     1.41106   0.0078297
         430     1.37689     1.41098   0.0078119
         431     1.35868     1.41086  0.00779471
         432      1.3652     1.41075  0.00777739
         433     1.35278     1.41062  0.00776058
         434      1.3646     1.41051  0.00774342
         435     1.33202     1.41033  0.00772772
         436     1.33783     1.41016  0.00771179
         437     1.33731        1.41  0.00769594
         438     1.33652     1.40983   0.0076802
         439      1.3139     1.40961  0.00766581
         440      1.2952     1.40935   0.0076528
         441     1.29844      1.4091  0.00763958
         442      1.2798     1.40881  0.00762789
         443     1.29626     1.40855   0.0076149
         444     1.27903     1.40826  0.00760334
         445     1.29292       1.408  0.00759067
         446     1.29524     1.40775  0.00757786
         447     1.31067     1.40753  0.00756401
         448     1.30455      1.4073  0.00755062
         449     1.29812     1.40706  0.00753772
         450      1.3327     1.40689  0.00752278
         451     1.31155     1.40668  0.00750907
         452     1.31202     1.40647  0.00749538
         453     1.31864     1.40628  0.00748134
         454     1.31352     1.40607  0.00746765
         455     1.28115      1.4058  0.00745628
         456     1.28156     1.40553  0.00744491
         457     1.27742     1.40525  0.00743389
         458     1.26227     1.40493  0.00742421
         459     1.25065      1.4046  0.00741564
         460     1.26687      1.4043  0.00740556
         461     1.25421     1.40397  0.00739665
         462     1.25867     1.40366  0.00738733
         463      1.2659     1.40336  0.00737736
         464      1.2674     1.40307  0.00736728
         465     1.27455     1.40279  0.00735662
         466     1.27762     1.40252  0.00734573
         467     1.29018     1.40228  0.00733394
         468     1.29569     1.40206  0.00732181
         469     1.30365     1.40185   0.0073092
         470     1.30104     1.40163   0.0072968
         471      1.2977     1.40141  0.00728464
         472      1.2679     1.40113   0.0072747
         473     1.28001     1.40087  0.00726382
         474     1.27075      1.4006  0.00725368
         475     1.27413     1.40033  0.00724329
         476     1.27285     1.40006  0.00723303
         477     1.29072     1.39983   0.0072215
         478     1.29464     1.39961  0.00720974
         479     1.28151     1.39937   0.0071989
         480     1.28651     1.39913  0.00718774
         481      1.2928     1.39891   0.0071762
         482     1.27249     1.39865   0.0071661
         483     1.26803     1.39838  0.00715637
         484     1.27816     1.39813  0.00714589
         485     1.28371     1.39789  0.00713505
         486     1.27502     1.39764  0.00712485
         487     1.28461     1.39741    0.007114
         488     1.27003     1.39715  0.00710421
         489     1.27536      1.3969  0.00709404
         490      1.2833     1.39667  0.00708335
         491     1.27778     1.39642  0.00707306
         492      1.2887     1.39621  0.00706207
         493     1.29957     1.39601  0.00705047
         494     1.31262     1.39584  0.00703822
         495     1.28468     1.39562  0.00702758
         496     1.28822      1.3954  0.00701675
         497     1.26936     1.39515  0.00700721
         498     1.29288     1.39494  0.00699615
         499     1.29328     1.39474  0.00698509
         500     1.30781     1.39456  0.00697329
         501     1.31612     1.39441  0.00696113
         502     1.29893     1.39422  0.00694986
         503     1.32021     1.39407   0.0069376
         504     1.29513     1.39387  0.00692661
         505     1.30628      1.3937  0.00691506
         506       1.304     1.39352  0.00690367
         507     1.29061     1.39332  0.00689304
         508     1.29848     1.39313    0.006882
         509     1.27752     1.39291  0.00687222
         510     1.26925     1.39266  0.00686302
         511     1.26662     1.39242  0.00685402
         512      1.2588     1.39216   0.0068456
         513     1.26417     1.39191   0.0068368
         514     1.26666     1.39166  0.00682784
         515     1.29463     1.39147  0.00681719
         516     1.29919      1.3913  0.00680632
         517     1.32445     1.39117  0.00679438
         518     1.32984     1.39105   0.0067823
         519     1.32819     1.39093  0.00677031
         520     1.34053     1.39083  0.00675798
         521     1.32821     1.39071  0.00674608
         522     1.32119     1.39058  0.00673447
         523     1.30738     1.39042  0.00672347
         524     1.30879     1.39026  0.00671245
         525     1.31219     1.39011  0.00670131
         526     1.29254     1.38993  0.00669114
         527     1.30567     1.38977  0.00668035
         528     1.30274      1.3896  0.00666973
         529     1.30556     1.38944  0.00665901
         530     1.30184     1.38928   0.0066485
         531     1.30942     1.38913  0.00663768
         532      1.3036     1.38897  0.00662715
         533     1.30666     1.38881  0.00661652
         534     1.30763     1.38866  0.00660587
         535     1.31224     1.38852  0.00659507
         536     1.30751     1.38837   0.0065845
         537     1.31123     1.38822   0.0065738
         538      1.3122     1.38808   0.0065631
         539       1.317     1.38795  0.00655225
         540     1.28907     1.38777  0.00654267
         541     1.32361     1.38765  0.00653165
         542      1.3078      1.3875  0.00652126
         543     1.31969     1.38738  0.00651045
         544     1.31344     1.38724   0.0064999
         545     1.32349     1.38712  0.00648903
         546     1.33479     1.38703  0.00647785
         547     1.34407     1.38695  0.00646648
         548     1.34053     1.38686  0.00645524
         549      1.3187     1.38674  0.00644467
         550     1.34141     1.38666  0.00643348
         551      1.3033     1.38651  0.00642359
         552     1.32712      1.3864  0.00641285
         553     1.33501     1.38631  0.00640193
         554     1.35813     1.38625  0.00639057
         555     1.33451     1.38616  0.00637974
         556     1.37165     1.38614  0.00636832
         557     1.36057     1.38609  0.00635705
         558     1.32312     1.38598  0.00634666
         559     1.33405     1.38588  0.00633598
         560     1.32272     1.38577  0.00632567
         561     1.31727     1.38565  0.00631558
         562      1.2939     1.38549  0.00630645
         563     1.29419     1.38532  0.00629733
         564     1.28146     1.38514  0.00628886
         565     1.26857     1.38493  0.00628111
         566     1.27526     1.38474    0.006273
         567     1.28417     1.38456  0.00626445
         568     1.28466     1.38439  0.00625589
         569     1.28659     1.38421  0.00624725
         570     1.30582     1.38408  0.00623781
         571     1.29376     1.38392  0.00622889
         572     1.31177     1.38379  0.00621927
         573     1.29235     1.38363  0.00621047
         574     1.30922      1.3835    0.006201
         575     1.30959     1.38337  0.00619155
         576      1.3058     1.38324  0.00618226
         577     1.29217     1.38308  0.00617356
         578      1.3118     1.38296  0.00616411
         579     1.28941      1.3828  0.00615558
         580     1.29385     1.38264  0.00614688
         581     1.29449     1.38249  0.00613817
         582     1.29264     1.38234  0.00612957
         583     1.30794     1.38221  0.00612038
         584     1.31143     1.38209   0.0061111
         585     1.31224     1.38197  0.00610182
         586     1.31524     1.38186  0.00609247
         587     1.31655     1.38174  0.00608311
         588     1.33149     1.38166  0.00607336
         589     1.30721     1.38153  0.00606437
         590     1.30141      1.3814  0.00605561
         591     1.29746     1.38125  0.00604703
         592      1.2932     1.38111  0.00603864
         593     1.30279     1.38097   0.0060299
         594     1.29843     1.38083  0.00602135
         595     1.32139     1.38073  0.00601206
         596     1.33597     1.38066  0.00600244
         597     1.34915     1.38061  0.00599262
         598     1.33833     1.38054  0.00598302
         599     1.34307     1.38047  0.00597336
         600     1.33805      1.3804  0.00596382
         601     1.34356     1.38034  0.00595421
         602     1.33947     1.38027  0.00594471
         603     1.33277      1.3802  0.00593537
         604     1.34093     1.38013   0.0059259
         605     1.35827     1.38009  0.00591622
         606     1.34935     1.38004  0.00590667
         607     1.34947     1.37999  0.00589715
         608     1.34294     1.37993  0.00588777
         609     1.36391     1.37991  0.00587816
         610      1.3352     1.37983  0.00586898
         611     1.32027     1.37973  0.00586019
         612     1.31511     1.37963  0.00585156
         613     1.30761     1.37951  0.00584319
         614     1.29658     1.37938  0.00583524
         615     1.31273     1.37927  0.00582676
         616     1.32004     1.37917  0.00581809
         617     1.30856     1.37906  0.00580979
         618     1.30899     1.37894  0.00580149
         619     1.31051     1.37883  0.00579317
         620     1.31693     1.37873  0.00578469
         621     1.33814     1.37867  0.00577574
         622     1.33572      1.3786  0.00576687
         623     1.34107     1.37854  0.00575793
         624     1.34274     1.37848  0.00574899
         625     1.35092     1.37844  0.00573996
         626     1.32811     1.37836  0.00573135
         627     1.36312     1.37833  0.00572226
         628     1.35845      1.3783  0.00571324
         629      1.3318     1.37823  0.00570463
         630     1.33778     1.37816  0.00569594
         631     1.31814     1.37807  0.00568771
         632      1.3155     1.37797  0.00567957
         633     1.30781     1.37786  0.00567168
         634      1.3083     1.37775  0.00566379
         635      1.2933     1.37762  0.00565643
         636     1.27962     1.37746  0.00564964
         637     1.27956     1.37731  0.00564286
         638     1.30128     1.37719  0.00563527
         639     1.29569     1.37706   0.0056279
         640     1.33099     1.37699  0.00561956
         641     1.31805      1.3769  0.00561155
         642     1.33642     1.37683  0.00560316
         643     1.36116     1.37681   0.0055945
         644     1.33134     1.37674  0.00558626
         645     1.32869     1.37666   0.0055781
         646     1.31864     1.37657  0.00557018
         647     1.32294     1.37649  0.00556219
         648     1.29614     1.37637  0.00555499
         649     1.30787     1.37626  0.00554743
         650     1.29377     1.37614  0.00554035
         651     1.30368     1.37602  0.00553296
         652     1.28905     1.37589  0.00552608
         653     1.29045     1.37576  0.00551917
         654     1.29527     1.37564   0.0055121
         655     1.29444     1.37551  0.00550508
         656     1.29185     1.37539  0.00549816
         657     1.30372     1.37528  0.00549087
         658     1.29372     1.37515  0.00548393
         659     1.31444     1.37506  0.00547638
         660     1.31754     1.37497  0.00546878
         661     1.32224     1.37489  0.00546109
         662     1.30912     1.37479  0.00545374
         663     1.33721     1.37474  0.00544581
         664     1.29735     1.37462  0.00543885
         665     1.30766     1.37452  0.00543161
         666     1.30648     1.37442  0.00542441
         667     1.30483     1.37431  0.00541728
         668      1.3263     1.37424  0.00540965
         669     1.32555     1.37417  0.00540205
         670     1.35354     1.37414  0.00539408
         671     1.36701     1.37413  0.00538605
         672     1.34321     1.37408  0.00537823
         673     1.35317     1.37405  0.00537033
         674     1.36294     1.37403  0.00536239
         675     1.34938       1.374  0.00535457
         676     1.34037     1.37395  0.00534688
         677     1.34281      1.3739  0.00533918
         678     1.34106     1.37385  0.00533152
         679     1.32677     1.37378  0.00532412
         680     1.33427     1.37373  0.00531661
         681     1.34268     1.37368    0.005309
         682     1.34258     1.37363  0.00530141
         683     1.33522     1.37358  0.00529395
         684     1.34982     1.37354  0.00528632
         685     1.35546     1.37352  0.00527867
         686     1.35496     1.37349  0.00527104
         687     1.35258     1.37346  0.00526346
         688     1.34961     1.37343  0.00525592
         689     1.33928     1.37338  0.00524853
         690      1.3581     1.37335  0.00524097
         691     1.33646      1.3733  0.00523365
         692     1.35138     1.37327  0.00522619
         693     1.33348     1.37321  0.00521896
         694     1.36182     1.37319  0.00521147
         695      1.3423     1.37315  0.00520416
         696     1.33908      1.3731  0.00519691
         697     1.35861     1.37308   0.0051895
         698      1.3555     1.37306  0.00518212
         699     1.38256     1.37307  0.00517473
         700     1.39036     1.37309  0.00516739
         701     1.41072     1.37315   0.0051603
         702     1.40772      1.3732  0.00515318
         703     1.40122     1.37324  0.00514601
         704     1.38405     1.37325  0.00513872
         705     1.39519     1.37328  0.00513153
         706     1.35971     1.37326  0.00512429
         707     1.36806     1.37326  0.00511705
         708     1.36853     1.37325  0.00510983
         709      1.3754     1.37325  0.00510262
         710     1.37548     1.37326  0.00509544
         711     1.36294     1.37324  0.00508829
         712     1.36013     1.37322  0.00508118
         713     1.35342     1.37319  0.00507413
         714     1.35598     1.37317  0.00506708
         715     1.35075     1.37314  0.00506009
         716     1.35852     1.37312  0.00505306
         717     1.36794     1.37311  0.00504602
         718     1.36242      1.3731  0.00503901
         719     1.37015     1.37309  0.00503201
         720     1.33096     1.37303  0.00502536
         721     1.37514     1.37304  0.00501839
         722     1.32021     1.37296  0.00501197
         723     1.33058     1.37291  0.00500538
         724      1.3087     1.37282  0.00499926
         725       1.319     1.37274  0.00499291
         726     1.29452     1.37263   0.0049872
         727     1.33015     1.37258  0.00498068
         728     1.32641     1.37251  0.00497424
         729     1.32231     1.37244  0.00496789
         730     1.31901     1.37237  0.00496163
         731     1.33769     1.37232  0.00495507
         732     1.31977     1.37225  0.00494882
         733      1.3364      1.3722  0.00494231
         734     1.35867     1.37218  0.00493561
         735     1.35594     1.37216  0.00492894
         736     1.33929     1.37212  0.00492245
         737     1.35763      1.3721  0.00491581
         738     1.32834     1.37204  0.00490951
         739     1.30737     1.37195  0.00490364
         740     1.28977     1.37184  0.00489827
         741     1.30313     1.37175  0.00489254
         742        1.29     1.37164  0.00488719
         743     1.27885     1.37151   0.0048822
         744     1.30572     1.37142  0.00487644
         745     1.30668     1.37134  0.00487067
         746        1.29     1.37123  0.00486536
         747     1.30897     1.37114  0.00485956
         748     1.29636     1.37104  0.00485409
         749     1.28854     1.37093  0.00484886
         750     1.29473     1.37083  0.00484346
         751     1.32182     1.37077  0.00483745
         752     1.30903     1.37069  0.00483172
         753     1.33769     1.37064   0.0048255
         754     1.31266     1.37056  0.00481971
         755     1.32865     1.37051  0.00481365
         756     1.32175     1.37044  0.00480771
         757     1.32166     1.37038  0.00480179
         758     1.31144      1.3703  0.00479609
         759       1.306     1.37022  0.00479052
         760     1.31303     1.37014  0.00478481
         761     1.30097     1.37005  0.00477938
         762     1.30715     1.36997  0.00477382
         763      1.2935     1.36987  0.00476862
         764     1.30623     1.36979   0.0047631
         765     1.31539     1.36971  0.00475741
         766     1.29338     1.36961  0.00475224
         767     1.29148     1.36951  0.00474714
         768     1.30377     1.36943  0.00474173
         769     1.28678     1.36932  0.00473678
         770     1.29198     1.36922  0.00473169
         771     1.29096     1.36912  0.00472664
         772     1.28753     1.36901   0.0047217
         773      1.3142     1.36894  0.00471613
         774      1.3141     1.36887  0.00471057
         775      1.3166      1.3688  0.00470497
         776     1.34242     1.36877  0.00469903
         777     1.34642     1.36874  0.00469307
         778     1.34339     1.36871  0.00468715
         779     1.38559     1.36873  0.00468118
         780      1.3722     1.36873  0.00467518
         781     1.36339     1.36873   0.0046692
         782     1.36455     1.36872  0.00466324
         783     1.32519     1.36867  0.00465761
         784     1.31903      1.3686   0.0046521
         785     1.31998     1.36854  0.00464659
         786     1.33311      1.3685  0.00464089
         787     1.32493     1.36844  0.00463533
         788     1.32787     1.36839  0.00462973
         789     1.34885     1.36836  0.00462393
         790     1.35333     1.36834  0.00461812
         791     1.34158     1.36831   0.0046124
         792     1.33841     1.36827  0.00460673
         793     1.33253     1.36823  0.00460114
         794     1.32715     1.36818  0.00459564
         795     1.32584     1.36812  0.00459017
         796     1.31521     1.36806  0.00458488
         797     1.30123     1.36797   0.0045799
         798     1.30497     1.36789  0.00457484
         799      1.2984     1.36781  0.00456994
         800      1.3001     1.36772  0.00456501
         801     1.29642     1.36763  0.00456018
         802     1.29093     1.36754  0.00455549
         803     1.29386     1.36745  0.00455075
         804     1.29801     1.36736   0.0045459
         805     1.30309     1.36728  0.00454096
         806     1.30565      1.3672  0.00453597
         807     1.31137     1.36713  0.00453088
         808     1.32962     1.36709  0.00452551
         809     1.32232     1.36703  0.00452025
         810      1.3055     1.36696  0.00451531
         811     1.31184     1.36689  0.00451025
         812      1.3154     1.36683  0.00450514
         813     1.31579     1.36676  0.00450004
         814     1.34966     1.36674  0.00449456
         815     1.35077     1.36672  0.00448909
         816     1.38594     1.36675  0.00448365
         817     1.38304     1.36677   0.0044782
         818     1.36767     1.36677  0.00447273
         819     1.36622     1.36677  0.00446727
         820     1.36583     1.36676  0.00446182
         821     1.36556     1.36676  0.00445639
         822      1.3664     1.36676  0.00445097
         823     1.35956     1.36675  0.00444557
         824     1.35072     1.36673  0.00444021
         825     1.35308     1.36672  0.00443486
         826     1.34724     1.36669  0.00442956
         827     1.34933     1.36667  0.00442425
         828     1.33928     1.36664  0.00441903
         829     1.34548     1.36661  0.00441377
         830     1.32928     1.36657  0.00440868
         831     1.33595     1.36653  0.00440353
         832     1.33694      1.3665  0.00439838
         833     1.33401     1.36646  0.00439328
         834     1.34498     1.36643  0.00438808
         835     1.32628     1.36638  0.00438309
         836     1.32657     1.36634  0.00437811
         837     1.35324     1.36632  0.00437291
         838     1.34698      1.3663  0.00436775
         839     1.35548     1.36629  0.00436256
         840     1.34904     1.36626  0.00435742
         841     1.37655     1.36628  0.00435225
         842     1.35431     1.36626  0.00434711
         843     1.35291     1.36625  0.00434198
         844     1.33223     1.36621  0.00433702
         845     1.35921      1.3662   0.0043319
         846     1.35212     1.36618  0.00432681
         847     1.34355     1.36615  0.00432178
         848     1.35416     1.36614  0.00431671
         849     1.34316     1.36611  0.00431171
         850     1.34438     1.36609  0.00430671
         851     1.32341     1.36604  0.00430194
         852     1.31122     1.36597  0.00429738
         853     1.29831     1.36589  0.00429307
         854     1.31626     1.36584  0.00428844
         855      1.3142     1.36578  0.00428385
         856     1.32505     1.36573  0.00427911
         857     1.35971     1.36572  0.00427412
         858     1.31667     1.36566  0.00426952
         859     1.35968     1.36566  0.00426455
         860     1.37621     1.36567  0.00425961
         861     1.35411     1.36566  0.00425469
         862     1.40296      1.3657  0.00424997
         863     1.37888     1.36571  0.00424507
         864     1.37917     1.36573  0.00424019
         865     1.38349     1.36575  0.00423534
         866     1.38211     1.36577  0.00423049
         867     1.35879     1.36576  0.00422562
         868     1.36226     1.36576  0.00422075
         869     1.35713     1.36575   0.0042159
         870     1.33432     1.36571  0.00421121
         871     1.34472     1.36569  0.00420645
         872     1.35709     1.36568  0.00420164
         873     1.34412     1.36565  0.00419689
         874     1.36658     1.36565  0.00419209
         875     1.36658     1.36565   0.0041873
         876     1.36676     1.36566  0.00418252
         877      1.4085      1.3657  0.00417804
         878     1.42614     1.36577  0.00417385
         879     1.40291     1.36582  0.00416931
         880     1.41909     1.36588  0.00416501
         881     1.42512     1.36594  0.00416083
         882     1.41735       1.366  0.00415652
         883     1.38617     1.36602  0.00415188
         884     1.37118     1.36603  0.00414718
         885     1.35873     1.36602   0.0041425
         886     1.36726     1.36602  0.00413783
         887     1.32643     1.36598  0.00413341
         888     1.34581     1.36596  0.00412881
         889      1.3525     1.36594   0.0041242
         890      1.3705     1.36595  0.00411957
         891     1.38968     1.36597  0.00411503
         892     1.39486     1.36601  0.00411054
         893     1.35788       1.366  0.00410595
         894     1.36156     1.36599  0.00410136
         895     1.33822     1.36596  0.00409689
         896     1.32963     1.36592  0.00409252
         897     1.32255     1.36587  0.00408825
         898     1.30665     1.36581  0.00408423
         899     1.31355     1.36575   0.0040801
         900     1.30621     1.36568   0.0040761
         901     1.32953     1.36564  0.00407177
         902     1.33727     1.36561  0.00406738
         903     1.33601     1.36558  0.00406301
         904     1.35982     1.36557  0.00405852
         905     1.37592     1.36558  0.00405405
         906     1.36575     1.36558  0.00404957
         907      1.3895     1.36561   0.0040452
         908     1.38379     1.36563  0.00404079
         909     1.38743     1.36565  0.00403642
         910     1.35394     1.36564    0.004032
         911      1.3558     1.36563  0.00402759
         912     1.35691     1.36562  0.00402318
         913     1.34403      1.3656  0.00401885
         914      1.3489     1.36558  0.00401449
         915     1.36413     1.36558   0.0040101
         916     1.37888     1.36559  0.00400575
         917     1.37627      1.3656   0.0040014
         918     1.37649     1.36561  0.00399706
         919     1.37393     1.36562  0.00399272
         920     1.38724     1.36565  0.00398845
         921     1.39723     1.36568  0.00398427
         922     1.38411      1.3657     0.00398
         923     1.38362     1.36572  0.00397573
         924      1.3787     1.36573  0.00397145
         925     1.37994     1.36575  0.00396719
         926     1.37092     1.36576  0.00396291
         927     1.35896     1.36575  0.00395864
         928     1.34802     1.36573  0.00395442
         929     1.34796     1.36571  0.00395021
         930     1.33385     1.36568  0.00394611
         931     1.34491     1.36565  0.00394194
         932     1.34876     1.36563  0.00393775
         933     1.35319     1.36562  0.00393355
         934     1.34784      1.3656  0.00392939
         935     1.35773     1.36559  0.00392519
         936     1.35633     1.36558  0.00392101
         937     1.35297     1.36557  0.00391685
         938     1.34993     1.36555  0.00391271
         939     1.36593     1.36555  0.00390854
         940     1.37088     1.36556  0.00390439
         941      1.3572     1.36555  0.00390025
         942     1.38325     1.36557  0.00389615
         943     1.35783     1.36556  0.00389203
         944     1.36748     1.36556  0.00388791
         945     1.36467     1.36556  0.00388379
         946     1.36749     1.36556  0.00387969
         947     1.36512     1.36556  0.00387559
         948     1.36232     1.36556  0.00387151
         949     1.36806     1.36556  0.00386743
         950     1.37901     1.36558  0.00386338
         951     1.35523     1.36557  0.00385934
         952     1.36609     1.36557  0.00385528
         953     1.39168     1.36559  0.00385133
         954     1.36766      1.3656   0.0038473
         955     1.40036     1.36563  0.00384344
         956     1.39672     1.36567  0.00383956
         957      1.3704     1.36567  0.00383555
         958     1.36629     1.36567  0.00383155
         959     1.35997     1.36567  0.00382755
         960     1.35165     1.36565   0.0038236
         961     1.33058     1.36561  0.00381979
         962     1.32111     1.36557   0.0038161
         963     1.32094     1.36552  0.00381242
         964     1.32998     1.36548  0.00380864
         965      1.3211     1.36544  0.00380497
         966     1.35858     1.36543  0.00380104
         967     1.36029     1.36543  0.00379711
         968     1.35342     1.36541  0.00379321
         969     1.37406     1.36542  0.00378931
         970     1.37656     1.36543  0.00378542
         971     1.37083     1.36544  0.00378152
         972     1.36464     1.36544  0.00377763
         973     1.35449     1.36543  0.00377377
         974     1.35765     1.36542   0.0037699
         975     1.34414      1.3654   0.0037661
         976     1.33263     1.36536  0.00376239
         977     1.33998     1.36534  0.00375863
         978     1.33752     1.36531  0.00375489
         979     1.34759     1.36529   0.0037511
         980     1.34457     1.36527  0.00374733
         981     1.33726     1.36524  0.00374362
         982     1.36791     1.36525  0.00373981
         983     1.37404     1.36525  0.00373602
         984     1.37461     1.36526  0.00373223
         985     1.38761     1.36529  0.00372851
         986     1.39083     1.36531  0.00372482
         987     1.36661     1.36531  0.00372105
         988     1.39009     1.36534  0.00371737
         989     1.36009     1.36533  0.00371361
         990     1.37921     1.36535  0.00370989
         991     1.34331     1.36533  0.00370621
         992      1.3486     1.36531  0.00370251
         993     1.33188     1.36527  0.00369894
         994     1.32821     1.36524   0.0036954
         995       1.322     1.36519  0.00369194
         996     1.31539     1.36514  0.00368858
         997     1.31211     1.36509  0.00368526
         998     1.31382     1.36504  0.00368192
         999     1.32985       1.365  0.00367841
        1000     1.32801     1.36497  0.00367492
