#     BLOCK:   ACTUAL_KE:    KE_AVE:      ERROR:
           1     3.08548     3.08548           0
           2     2.96789     3.02669   0.0415755
           3      3.1967     3.08336   0.0539371
           4     3.19676     3.11171   0.0473203
           5     3.14168      3.1177   0.0382342
           6     3.05601     3.10742   0.0332155
           7      2.9227     3.08103    0.037516
           8     2.88489     3.05651   0.0400445
           9     2.74553     3.02196   0.0482523
          10     2.69428     2.98919   0.0534069
          11     2.55061     2.94932   0.0616642
          12      2.5836     2.91884   0.0636127
          13     2.46966     2.88429   0.0674536
          14     2.45448     2.85359   0.0692707
          15     2.39279     2.82287   0.0711391
          16     2.38099     2.79525    0.071854
          17     2.33253     2.76803   0.0725999
          18     2.32762     2.74357   0.0725725
          19     2.30448     2.72046   0.0723389
          20     2.28187     2.69853   0.0719692
          21     2.27642     2.67843   0.0712937
          22     2.28068     2.66035   0.0703081
          23      2.2643     2.64313   0.0693279
          24     2.21986     2.62549   0.0686457
          25      2.1862     2.60792   0.0681118
          26     2.17926     2.59143    0.067458
          27     2.16175     2.57552   0.0668103
          28     2.16319     2.56079   0.0660272
          29     2.17453     2.54747     0.06508
          30     2.18744     2.53547   0.0640077
          31     2.17581     2.52387   0.0629856
          32      2.1826     2.51321   0.0619136
          33     2.18921     2.50339   0.0608109
          34     2.15367      2.4931   0.0598859
          35     2.17621     2.48405   0.0588553
          36     2.17605     2.47549    0.057839
          37     2.17758     2.46744   0.0568334
          38      2.1835     2.45997   0.0558269
          39      2.2061     2.45346   0.0547736
          40     2.19329     2.44696    0.053789
          41     2.23273     2.44173   0.0527303
          42     2.23252     2.43675   0.0517095
          43       2.212     2.43152   0.0507705
          44     2.21678     2.42664   0.0498506
          45     2.21863     2.42202   0.0489567
          46     2.21143     2.41744    0.048106
          47     2.22726     2.41339   0.0472523
          48     2.22174      2.4094   0.0464363
          49     2.21336      2.4054   0.0456606
          50     2.22121     2.40172   0.0448957
          51     2.19878     2.39774   0.0441914
          52     2.21818     2.39429   0.0434763
          53     2.15768     2.38982   0.0428846
          54     2.14206     2.38523   0.0423352
          55     2.14559     2.38088    0.041789
          56      2.1232     2.37627   0.0412954
          57      2.1201     2.37178   0.0408147
          58     2.12167     2.36747   0.0403382
          59     2.10814     2.36307   0.0398932
          60     2.12593     2.35912   0.0394236
          61     2.11454     2.35511   0.0389807
          62     2.14215     2.35168    0.038503
          63     2.12098     2.34801   0.0380656
          64     2.13403     2.34467   0.0376174
          65     2.09905     2.34089    0.037228
          66     2.09888     2.33722   0.0368441
          67      2.0861     2.33348   0.0364843
          68     2.08188     2.32978   0.0361349
          69     2.08078     2.32617   0.0357909
          70     2.12341     2.32327   0.0353966
          71     2.12402     2.32046   0.0350092
          72     2.11853     2.31766   0.0346351
          73     2.10392     2.31473   0.0342842
          74     2.09466     2.31176   0.0339496
          75       2.115     2.30913   0.0335982
          76     2.10961     2.30651   0.0332585
          77     2.09668     2.30378    0.032938
          78     2.14313     2.30172   0.0325801
          79     2.14514     2.29974   0.0322279
          80     2.11749     2.29746   0.0319055
          81     2.09753       2.295   0.0316069
          82     2.11582     2.29281   0.0312969
          83     2.11442     2.29066   0.0309935
          84     2.11266     2.28854   0.0306969
          85     2.09512     2.28627     0.03042
          86      2.0972     2.28407   0.0301456
          87     2.06863     2.28159   0.0299007
          88     2.11697     2.27972   0.0296193
          89     2.07065     2.27737   0.0293795
          90     2.11835     2.27561   0.0291062
          91     2.10057     2.27368   0.0288498
          92     2.12889     2.27211   0.0285791
          93     2.14219     2.27071    0.028306
          94     2.10847     2.26899   0.0280574
          95     2.14321     2.26766   0.0277933
          96     2.13406     2.26627   0.0275386
          97     2.12085     2.26477   0.0272955
          98     2.14847     2.26358   0.0270427
          99     2.13044     2.26224    0.026803
         100     2.11666     2.26078   0.0265745
         101     2.11891     2.25938   0.0263484
         102     2.13497     2.25816   0.0261183
         103     2.10744      2.2567   0.0259057
         104     2.10103      2.2552   0.0256998
         105     2.10791      2.2538   0.0254933
         106       2.133     2.25266   0.0252783
         107     2.08774     2.25111    0.025089
         108     2.08012     2.24953   0.0249066
         109     2.13059     2.24844    0.024702
         110     2.09235     2.24702   0.0245181
         111     2.11743     2.24585    0.024325
         112     2.08845     2.24445   0.0241484
         113     2.09091     2.24309   0.0239729
         114     2.08518      2.2417   0.0238026
         115     2.09893     2.24046    0.023628
         116     2.06612     2.23896    0.023472
         117     2.06539     2.23748   0.0233183
         118     2.04979     2.23589   0.0231748
         119     2.02435     2.23411   0.0230481
         120     2.03786     2.23247    0.022914
         121     2.01307     2.23066   0.0227963
         122     2.00306     2.22879   0.0226856
         123     2.00577     2.22698   0.0225736
         124     2.01286     2.22525   0.0224575
         125      2.0191      2.2236   0.0223383
         126     2.01817     2.22197   0.0222204
         127     2.03106     2.22047   0.0220962
         128     2.04122     2.21907   0.0219679
         129     2.03069     2.21761   0.0218461
         130      2.0528     2.21634   0.0217148
         131     2.06291     2.21517   0.0215806
         132      2.0276     2.21375   0.0214639
         133      2.0313     2.21238   0.0213463
         134     2.03946     2.21109    0.021226
         135     2.03496     2.20978   0.0211088
         136     2.01848     2.20838   0.0210004
         137     2.01201     2.20694    0.020896
         138     2.01601     2.20556   0.0207903
         139     1.99329     2.20403   0.0206967
         140      2.0062     2.20262   0.0205971
         141     2.03364     2.20142   0.0204859
         142     2.05236     2.20037   0.0203685
         143     2.08734     2.19958   0.0202414
         144     2.05799      2.1986   0.0201247
         145     2.05826     2.19763   0.0200091
         146     2.05272     2.19664   0.0198967
         147     2.03352     2.19553   0.0197922
         148     2.00518     2.19424   0.0197003
         149     2.03326     2.19316   0.0195976
         150     2.01029     2.19194   0.0195049
         151     2.01854     2.19079   0.0194095
         152     2.01654     2.18965   0.0193156
         153     2.04535      2.1887   0.0192124
         154     2.01941     2.18761   0.0191191
         155     2.04235     2.18667   0.0190187
         156     2.05084      2.1858   0.0189167
         157     2.02417     2.18477   0.0188242
         158     2.02791     2.18377   0.0187312
         159     2.00568     2.18265   0.0186468
         160     1.97237     2.18134   0.0185766
         161     2.01042     2.18028   0.0184915
         162     1.99804     2.17915   0.0184115
         163     1.98413     2.17796   0.0183374
         164     1.99466     2.17684   0.0182596
         165     1.99981     2.17577   0.0181804
         166     1.99516     2.17468   0.0181035
         167     1.97543     2.17349   0.0180343
         168     2.00644     2.17249   0.0179544
         169     2.01395     2.17155   0.0178726
         170     2.00725     2.17059   0.0177936
         171     2.01595     2.16968   0.0177125
         172     2.01238     2.16877   0.0176331
         173     1.96831     2.16761   0.0175692
         174     2.00291     2.16666   0.0174937
         175     1.99393     2.16568   0.0174216
         176     2.00483     2.16476   0.0173466
         177     2.02988       2.164   0.0172653
         178     2.01811     2.16318   0.0171877
         179      2.0323     2.16245   0.0171073
         180     2.02705      2.1617   0.0170287
         181      1.9839     2.16071    0.016963
         182     1.95584     2.15959   0.0169071
         183     1.96264     2.15851   0.0168489
         184     1.94013     2.15733   0.0167991
         185     1.92714     2.15608   0.0167543
         186     1.92306     2.15483    0.016711
         187     1.91057     2.15352   0.0166726
         188     1.90425      2.1522   0.0166366
         189     1.92596       2.151   0.0165915
         190     1.94062     2.14989   0.0165411
         191     1.93331     2.14876   0.0164933
         192     1.93869     2.14766   0.0164437
         193     1.93142     2.14654   0.0163966
         194     1.93753     2.14547   0.0163475
         195     1.92751     2.14435   0.0163018
         196     1.94263     2.14332   0.0162511
         197     1.93986     2.14229   0.0162014
         198      1.9688     2.14141   0.0161432
         199     1.93909     2.14039   0.0160941
         200     1.94295     2.13941   0.0160439
         201     1.93086     2.13837   0.0159976
         202     1.91598     2.13727   0.0159562
         203     1.92164     2.13621   0.0159129
         204     1.93077      2.1352   0.0158667
         205     1.93893     2.13424   0.0158182
         206     1.96045      2.1334   0.0157639
         207     1.98791      2.1327   0.0157034
         208     1.99826     2.13205   0.0156412
         209     1.99213     2.13138   0.0155807
         210     1.98675     2.13069   0.0155217
         211     1.98458        2.13   0.0154636
         212     1.95943     2.12919   0.0154115
         213     1.97125     2.12845    0.015357
         214     1.98554     2.12778   0.0152998
         215      1.9533     2.12697   0.0152501
         216     1.97713     2.12628   0.0151953
         217     1.95491     2.12549   0.0151458
         218     1.93401     2.12461   0.0151017
         219     1.94172     2.12378   0.0150559
         220     1.96141     2.12304   0.0150055
         221     1.99225     2.12245   0.0149493
         222     1.95416     2.12169   0.0149011
         223     2.03176     2.12128   0.0148398
         224     1.98442     2.12067   0.0147861
         225     1.99429     2.12011    0.014731
         226     2.01323     2.11964   0.0146735
         227     2.01765     2.11919   0.0146157
         228     1.99628     2.11865   0.0145615
         229     1.99735     2.11812   0.0145076
         230     2.02495     2.11772   0.0144501
         231     1.99427     2.11718   0.0143975
         232      2.0085     2.11671    0.014343
         233      2.0084     2.11625    0.014289
         234     1.97328     2.11564    0.014241
         235     1.98537     2.11508   0.0141912
         236     1.97148     2.11447   0.0141441
         237     1.96622     2.11385   0.0140982
         238     1.97209     2.11325   0.0140516
         239     1.97336     2.11267    0.014005
         240     1.99846     2.11219   0.0139547
         241     1.99542     2.11171   0.0139052
         242      2.0138      2.1113   0.0138536
         243      2.0228     2.11094   0.0138014
         244     1.98617     2.11043   0.0137543
         245     2.02782     2.11009   0.0137023
         246      2.0381      2.1098   0.0136497
         247     2.01979     2.10943   0.0135993
         248     2.05863     2.10923    0.013546
         249     2.02882     2.10891   0.0134955
         250     2.02467     2.10857   0.0134457
         251     2.02534     2.10824   0.0133962
         252      2.0253     2.10791   0.0133471
         253     2.03713     2.10763   0.0132973
         254     2.04282     2.10737   0.0132474
         255     2.03515     2.10709   0.0131985
         256     2.01771     2.10674   0.0131515
         257     2.01544     2.10639   0.0131051
         258     2.00268     2.10598   0.0130605
         259     1.97794     2.10549   0.0130194
         260     1.97835       2.105   0.0129785
         261     1.96374     2.10446   0.0129401
         262     2.00123     2.10406   0.0128967
         263      1.9914     2.10364   0.0128548
         264     1.97112     2.10313   0.0128159
         265     2.01235     2.10279   0.0127721
         266     1.94888     2.10221   0.0127372
         267     1.98949     2.10179   0.0126965
         268     2.00064     2.10141   0.0126547
         269     1.97352     2.10094   0.0126166
         270     1.97406     2.10047   0.0125786
         271     1.96982     2.09999   0.0125414
         272     1.94768     2.09943   0.0125078
         273      1.9728     2.09896   0.0124706
         274     1.95828     2.09845   0.0124356
         275     2.01737     2.09815   0.0123939
         276     2.01853     2.09787   0.0123524
         277     2.05055     2.09769    0.012309
         278     2.05956     2.09756   0.0122654
         279     2.01792     2.09727   0.0122248
         280     2.01563     2.09698   0.0121846
         281     1.99898     2.09663   0.0121463
         282     1.96383     2.09616   0.0121123
         283     1.96616      2.0957   0.0120782
         284     1.93457     2.09513    0.012049
         285     1.97647     2.09472   0.0120139
         286     1.98915     2.09435   0.0119776
         287     1.95805     2.09387   0.0119453
         288     1.98787     2.09351   0.0119095
         289     1.97639      2.0931   0.0118751
         290     1.97046     2.09268   0.0118417
         291     1.98509     2.09231   0.0118068
         292     1.94842     2.09181   0.0117766
         293     1.97484     2.09142   0.0117432
         294     1.96318     2.09098   0.0117114
         295     1.91088     2.09037   0.0116876
         296     1.94096     2.08986    0.011659
         297      1.8999     2.08922   0.0116372
         298     1.88831     2.08855   0.0116177
         299     1.90854     2.08795   0.0115944
         300     1.87857     2.08725   0.0115768
         301     1.91836     2.08669   0.0115519
         302     1.87842       2.086   0.0115342
         303     1.93201     2.08549   0.0115074
         304     1.94165     2.08502   0.0114792
         305     1.92567      2.0845   0.0114535
         306     1.92924     2.08399   0.0114273
         307     1.93306      2.0835   0.0114006
         308     1.92772     2.08299   0.0113748
         309     1.89639     2.08239    0.011354
         310     1.91021     2.08183    0.011331
         311     1.94464     2.08139   0.0113031
         312     1.91111     2.08084   0.0112801
         313     1.96129     2.08046   0.0112505
         314     1.95197     2.08005   0.0112221
         315     1.96018     2.07967   0.0111929
         316     1.97064     2.07933   0.0111628
         317     1.96654     2.07897   0.0111333
         318     1.98289     2.07867   0.0111024
         319     1.99037     2.07839    0.011071
         320     1.98203     2.07809   0.0110405
         321     1.95597     2.07771   0.0110127
         322     1.97485     2.07739   0.0109831
         323     1.95852     2.07702   0.0109553
         324     1.99161     2.07676   0.0109246
         325     1.95583     2.07639   0.0108973
         326     1.94521     2.07599   0.0108713
         327      1.9588     2.07563    0.010844
         328     1.93801     2.07521   0.0108191
         329     1.92903     2.07476   0.0107953
         330     1.94493     2.07437   0.0107697
         331     1.96663     2.07404   0.0107421
         332     2.00245     2.07383   0.0107119
         333     2.02762     2.07369   0.0106807
         334     2.02113     2.07353   0.0106498
         335     2.00667     2.07333   0.0106199
         336      2.0212     2.07318   0.0105895
         337     1.97175     2.07288   0.0105623
         338     1.97936      2.0726   0.0105347
         339     1.95783     2.07226    0.010509
         340     1.95044      2.0719   0.0104842
         341     1.97405     2.07162   0.0104574
         342      2.0004     2.07141   0.0104289
         343     2.00106      2.0712   0.0104005
         344     2.02919     2.07108    0.010371
         345     2.00062     2.07088    0.010343
         346     2.00103     2.07068    0.010315
         347     1.99712     2.07046   0.0102875
         348     2.00427     2.07027   0.0102597
         349     2.00572     2.07009    0.010232
         350     2.01635     2.06993   0.0102039
         351      1.9441     2.06958   0.0101811
         352     1.96949     2.06929   0.0101561
         353     1.95412     2.06897   0.0101326
         354     1.95207     2.06864   0.0101094
         355     1.97109     2.06836   0.0100846
         356     1.99171     2.06815   0.0100586
         357     1.99589     2.06794   0.0100325
         358     1.98832     2.06772   0.0100069
         359     1.97942     2.06747  0.00998205
         360     1.99307     2.06727  0.00995646
         361     1.98244     2.06703  0.00993165
         362     1.98062     2.06679  0.00990708
         363     1.99626      2.0666   0.0098817
         364     1.99699     2.06641   0.0098564
         365     2.00031     2.06623  0.00983106
         366     2.00062     2.06605  0.00980583
         367     1.97564      2.0658  0.00978221
         368     1.99085      2.0656  0.00975775
         369     1.95892     2.06531  0.00973558
         370      1.9742     2.06506  0.00971238
         371     1.98519     2.06485  0.00968859
         372     1.99004     2.06465  0.00966463
         373     2.00851      2.0645  0.00963989
         374     2.00601     2.06434  0.00961539
         375     1.99881     2.06416  0.00959133
         376     1.99784     2.06399  0.00956745
         377      1.9919      2.0638  0.00954398
         378     2.01276     2.06366  0.00951969
         379     2.02456     2.06356  0.00949513
         380     2.07522     2.06359  0.00947019
         381     2.06702      2.0636  0.00944534
         382     2.05337     2.06357  0.00942065
         383     2.08151     2.06362  0.00939617
         384      2.0878     2.06368  0.00937191
         385     2.09497     2.06376  0.00934792
         386     2.07404     2.06379  0.00932374
         387     2.09959     2.06388  0.00930011
         388     2.09894     2.06397  0.00927658
         389     2.03178     2.06389   0.0092531
         390     2.02871      2.0638  0.00922981
         391     1.99708     2.06363  0.00920778
         392     2.00375     2.06348  0.00918556
         393     1.97588     2.06325  0.00916489
         394      1.9999     2.06309  0.00914304
         395     1.97851     2.06288   0.0091224
         396     1.98889     2.06269  0.00910128
         397     1.99339     2.06252  0.00908003
         398     1.96754     2.06228  0.00906035
         399     1.97798     2.06207   0.0090401
         400     1.97864     2.06186  0.00901991
         401     1.95209     2.06158  0.00900157
         402     1.95204     2.06131   0.0089833
         403     1.95064     2.06104  0.00896521
         404      1.9455     2.06075  0.00894758
         405     1.95911      2.0605    0.008929
         406     1.96796     2.06027  0.00890992
         407     1.94458     2.05999  0.00889256
         408     1.99223     2.05982  0.00887232
         409     1.99591     2.05967    0.008852
         410     1.99358      2.0595  0.00883188
         411     1.98645     2.05933  0.00881218
         412     1.99115     2.05916  0.00879234
         413     1.97063     2.05895  0.00877366
         414     1.99897      2.0588  0.00875367
         415     1.99444     2.05865  0.00873395
         416      1.9987      2.0585  0.00871414
         417     2.00595     2.05838  0.00869416
         418     2.03601     2.05832  0.00867352
         419     2.08753     2.05839   0.0086531
         420     2.07103     2.05842  0.00863255
         421     2.11499     2.05856  0.00861309
         422     2.09639     2.05865  0.00859315
         423     2.13263     2.05882  0.00857461
         424      2.1448     2.05903  0.00855679
         425     2.12273     2.05918  0.00853797
         426     2.12043     2.05932  0.00851913
         427     2.08267     2.05937  0.00849936
         428     2.05205     2.05936  0.00847952
         429     2.03505      2.0593  0.00845994
         430     2.01597      2.0592  0.00844087
         431     2.01482      2.0591  0.00842191
         432     2.00816     2.05898  0.00840324
         433     1.98578     2.05881  0.00838553
         434      1.9979     2.05867  0.00836739
         435     1.97026     2.05847  0.00835062
         436     1.97413     2.05827  0.00833371
         437     1.96188     2.05805  0.00831756
         438     1.98402     2.05788  0.00830028
         439     1.98296     2.05771  0.00828313
         440     2.01372     2.05761  0.00826491
         441      2.0228     2.05753  0.00824654
         442      2.0263     2.05746  0.00822819
         443      2.0337     2.05741  0.00820979
         444     1.99587     2.05727  0.00819247
         445     2.00533     2.05715  0.00817489
         446     1.98018     2.05698  0.00815838
         447     2.01823     2.05689  0.00814059
         448     2.02274     2.05682  0.00812278
         449     2.02479     2.05675    0.008105
         450     2.02094     2.05667  0.00808738
         451     2.01555     2.05658  0.00806996
         452     2.00404     2.05646  0.00805294
         453     1.99883     2.05633  0.00803617
         454     1.99378     2.05619  0.00801965
         455     1.98774     2.05604  0.00800344
         456     1.98649     2.05589  0.00798734
         457     1.97584     2.05572  0.00797178
         458     1.98474     2.05556  0.00795588
         459     1.97072     2.05538   0.0079407
         460     1.97318      2.0552  0.00792545
         461     1.96027     2.05499  0.00791093
         462     1.95877     2.05478  0.00789655
         463     1.93344     2.05452  0.00788384
         464     1.94234     2.05428  0.00787055
         465     1.91322     2.05398  0.00785947
         466     1.93773     2.05373  0.00784656
         467     1.91566     2.05343  0.00783533
         468     1.95705     2.05323  0.00782129
         469     1.95749     2.05302  0.00780728
         470     1.96277     2.05283  0.00779303
         471     1.97202     2.05266  0.00777837
         472     1.96783     2.05248  0.00776397
         473     1.96514     2.05229  0.00774975
         474     1.95419     2.05209  0.00773616
         475      1.9555     2.05188  0.00772255
         476     1.95752     2.05168  0.00770887
         477     1.99109     2.05156  0.00769376
         478     1.98737     2.05142  0.00767883
         479     1.98343     2.05128  0.00766411
         480     2.00056     2.05118  0.00764887
         481     1.98566     2.05104  0.00763418
         482     1.98477      2.0509  0.00761958
         483     1.98276     2.05076  0.00760511
         484     1.97815     2.05061  0.00759088
         485     1.97539     2.05046  0.00757681
         486      1.9626     2.05028  0.00756338
         487     1.94277     2.05005  0.00755107
         488      1.9347     2.04982   0.0075393
         489     1.92438     2.04956  0.00752824
         490     1.93599     2.04933  0.00751644
         491     1.90948     2.04904  0.00750653
         492     1.91582     2.04877  0.00749616
         493     1.91631     2.04851  0.00748577
         494     1.93522     2.04828  0.00747412
         495     1.92376     2.04802  0.00746326
         496     1.96313     2.04785  0.00745017
         497       1.969     2.04769  0.00743687
         498     1.97166     2.04754   0.0074235
         499      1.9876     2.04742   0.0074096
         500     1.99369     2.04731  0.00739556
         501     1.97384     2.04717  0.00738225
         502     1.99116     2.04706  0.00736839
         503      1.9736     2.04691  0.00735519
         504     1.96844     2.04675  0.00734224
         505     1.97255     2.04661  0.00732917
         506     2.00305     2.04652  0.00731519
         507     1.98029     2.04639  0.00730193
         508     2.00175      2.0463  0.00728809
         509     1.97393     2.04616  0.00727515
         510     1.97842     2.04603   0.0072621
         511     1.95134     2.04584  0.00725025
         512     1.98137     2.04572  0.00723719
         513       2.004     2.04564  0.00722354
         514     1.99222     2.04553  0.00721023
         515     2.02666     2.04549  0.00719632
         516     1.98163     2.04537  0.00718344
         517      2.0104      2.0453  0.00716986
         518     1.99635     2.04521  0.00715665
         519     1.99328     2.04511  0.00714356
         520     1.97553     2.04497  0.00713107
         521     1.96993     2.04483  0.00711884
         522       1.986     2.04472  0.00710609
         523     1.98914     2.04461   0.0070933
         524     2.00154     2.04453  0.00708024
         525     1.99697     2.04444  0.00706733
         526     1.97003      2.0443  0.00705531
         527     1.97288     2.04416  0.00704323
         528     1.97225     2.04403   0.0070312
         529     1.94821     2.04384  0.00702024
         530     1.92872     2.04363  0.00701036
         531      1.9498     2.04345  0.00699938
         532     1.92126     2.04322  0.00698999
         533     1.94378     2.04303  0.00697937
         534     1.92743     2.04282  0.00696966
         535     1.93514     2.04262  0.00695953
         536     1.92931     2.04241  0.00694976
         537     1.94866     2.04223  0.00693901
         538     1.94365     2.04205  0.00692853
         539     1.98297     2.04194  0.00691654
         540     1.96436     2.04179  0.00690523
         541     1.97454     2.04167  0.00689358
         542     1.97724     2.04155  0.00688189
         543     1.94594     2.04138  0.00687147
         544     1.97933     2.04126  0.00685978
         545     1.95964     2.04111  0.00684883
         546     1.95575     2.04096  0.00683807
         547     1.97096     2.04083  0.00682677
         548     1.95518     2.04067   0.0068161
         549     1.93194     2.04047  0.00680656
         550     1.93105     2.04027  0.00679709
         551       1.915     2.04005  0.00678856
         552     1.90999     2.03981  0.00678034
         553     1.91577     2.03959  0.00677179
         554     1.96288     2.03945  0.00676098
         555     1.96325     2.03931   0.0067502
         556     1.96315     2.03917  0.00673945
         557     1.98347     2.03907  0.00672809
         558      1.9663     2.03894  0.00671729
         559     1.90632     2.03871  0.00670947
         560     1.96932     2.03858  0.00669863
         561     1.95771     2.03844  0.00668824
         562     1.93912     2.03826  0.00667867
         563     1.98862     2.03817  0.00666739
         564      1.9889     2.03809  0.00665614
         565     1.99152       2.038  0.00664487
         566     1.99908     2.03793  0.00663349
         567     1.97061     2.03782  0.00662285
         568      1.9829     2.03772   0.0066119
         569     1.99977     2.03765  0.00660061
         570     1.99652     2.03758  0.00658943
         571     2.00406     2.03752  0.00657815
         572     2.01228     2.03748   0.0065668
         573     1.99685     2.03741  0.00655572
         574      2.0179     2.03737  0.00654439
         575     1.98549     2.03728  0.00653363
         576     1.94647     2.03712  0.00652419
         577       1.979     2.03702  0.00651366
         578      1.9358     2.03685  0.00650474
         579     1.94329     2.03669  0.00649551
         580     1.95739     2.03655  0.00648575
         581     1.95537     2.03641  0.00647609
         582     1.99497     2.03634  0.00646536
         583     2.01169      2.0363  0.00645441
         584     2.00866     2.03625  0.00644353
         585     2.03258     2.03624  0.00643252
         586     2.02419     2.03622  0.00642157
         587     1.98151     2.03613  0.00641131
         588      2.0282     2.03612  0.00640042
         589     1.99603     2.03605  0.00638992
         590     2.02596     2.03603  0.00637911
         591     2.02948     2.03602  0.00636832
         592     2.02487       2.036  0.00635759
         593     2.05618     2.03604  0.00634696
         594     2.05266     2.03606  0.00633634
         595     2.04604     2.03608  0.00632571
         596     2.03523     2.03608   0.0063151
         597     2.03095     2.03607  0.00630453
         598     2.01686     2.03604  0.00629407
         599     2.02562     2.03602  0.00628358
         600     2.03595     2.03602  0.00627311
         601     2.01852     2.03599  0.00626274
         602     2.05582     2.03602  0.00625242
         603     2.07063     2.03608  0.00624232
         604      2.0637     2.03613  0.00623215
         605     2.04261     2.03614  0.00622186
         606     2.04141     2.03615   0.0062116
         607     2.02908     2.03614  0.00620138
         608     2.03017     2.03613  0.00619118
         609     2.00204     2.03607  0.00618127
         610     2.02185     2.03605  0.00617118
         611     2.02685     2.03603   0.0061611
         612     2.01044     2.03599  0.00615118
         613     2.01132     2.03595  0.00614127
         614     1.99863     2.03589  0.00613157
         615     2.01643     2.03586  0.00612168
         616     1.99837      2.0358  0.00611205
         617     2.02142     2.03577  0.00610219
         618     1.97137     2.03567   0.0060932
         619     2.02862     2.03566  0.00608337
         620     2.04525     2.03567  0.00607358
         621     2.03965     2.03568   0.0060638
         622     2.03907     2.03568  0.00605405
         623     2.04153     2.03569  0.00604434
         624     2.04741     2.03571  0.00603469
         625     1.99512     2.03565  0.00602538
         626      1.9944     2.03558  0.00601611
         627     1.96837     2.03547  0.00600747
         628     1.94879     2.03534  0.00599949
         629     1.95306     2.03521  0.00599138
         630     1.95088     2.03507  0.00598337
         631     1.94337     2.03493  0.00597565
         632     1.94297     2.03478  0.00596796
         633     1.95045     2.03465  0.00596002
         634     1.96482     2.03454  0.00595164
         635     1.96685     2.03443  0.00594322
         636      1.9797     2.03434   0.0059345
         637     1.99636     2.03429  0.00592548
         638     1.97666     2.03419  0.00591688
         639     1.99063     2.03413  0.00590802
         640     1.99918     2.03407  0.00589904
         641      1.9597     2.03396  0.00589098
         642     1.99601      2.0339   0.0058821
         643     1.98633     2.03382  0.00587341
         644     1.99532     2.03376   0.0058646
         645     2.02833     2.03375  0.00585551
         646      2.0642      2.0338  0.00584664
         647     2.08219     2.03388  0.00583808
         648     2.07712     2.03394  0.00582945
         649     2.08712     2.03403  0.00582104
         650     2.04565     2.03404  0.00581212
         651     2.08345     2.03412  0.00580368
         652     2.07443     2.03418  0.00579511
         653     2.06127     2.03422  0.00578639
         654      2.0416     2.03423  0.00577755
         655     2.02195     2.03421  0.00576876
         656     1.97897     2.03413  0.00576058
         657     1.96403     2.03402   0.0057528
         658     1.94538     2.03389  0.00574563
         659     1.93959     2.03375   0.0057387
         660     1.95809     2.03363  0.00573115
         661     1.98071     2.03355  0.00572303
         662     1.97305     2.03346  0.00571512
         663     2.01587     2.03343  0.00570656
         664     1.98811     2.03337  0.00569837
         665     2.00518     2.03332  0.00568996
         666     2.01367     2.03329   0.0056815
         667     1.96251     2.03319  0.00567397
         668      2.0023     2.03314  0.00566566
         669     1.99385     2.03308   0.0056575
         670      2.0056     2.03304   0.0056492
         671     1.99122     2.03298  0.00564113
         672       2.016     2.03295  0.00563279
         673      2.0402     2.03296  0.00562443
         674     2.01468     2.03294  0.00561615
         675     2.02479     2.03293  0.00560784
         676     2.00768     2.03289  0.00559967
         677     1.98828     2.03282  0.00559179
         678     1.99847     2.03277  0.00558377
         679     1.96729     2.03267  0.00557638
         680     1.97893      2.0326  0.00556874
         681     1.96621      2.0325  0.00556142
         682     1.97774     2.03242  0.00555384
         683      1.9778     2.03234  0.00554629
         684     1.99929     2.03229  0.00553839
         685     2.00571     2.03225  0.00553044
         686     2.03695     2.03226  0.00552238
         687     2.06188      2.0323  0.00551451
         688     2.05385     2.03233  0.00550658
         689       2.056     2.03237   0.0054987
         690     2.04736     2.03239  0.00549077
         691     2.06338     2.03243  0.00548301
         692      2.0728     2.03249   0.0054754
         693     2.03888      2.0325   0.0054675
         694     2.03002      2.0325  0.00545963
         695     2.01385     2.03247  0.00545184
         696     2.01765     2.03245  0.00544405
         697     2.00745     2.03241  0.00543635
         698     1.99391     2.03236  0.00542884
         699     1.98665     2.03229  0.00542147
         700     1.96228     2.03219  0.00541465
         701      1.9354     2.03205  0.00540869
         702     1.94143     2.03193  0.00540252
         703     1.93785     2.03179  0.00539649
         704     1.95267     2.03168     0.00539
         705     1.97038     2.03159  0.00538305
         706     1.97663     2.03151  0.00537599
         707      1.9697     2.03143   0.0053691
         708     1.98318     2.03136  0.00536195
         709     1.96673     2.03127  0.00535516
         710     1.95937     2.03117  0.00534857
         711     1.97374     2.03109  0.00534166
         712      1.9471     2.03097  0.00533546
         713     1.96501     2.03088  0.00532878
         714     1.97316     2.03079  0.00532193
         715     1.94363     2.03067  0.00531588
         716     1.98545     2.03061  0.00530883
         717     1.95669     2.03051  0.00530243
         718     1.96367     2.03041  0.00529586
         719     1.94861      2.0303  0.00528972
         720      1.9323     2.03016  0.00528412
         721     1.93736     2.03003  0.00527836
         722     1.95818     2.02994  0.00527199
         723     1.94633     2.02982  0.00526597
         724     1.96741     2.02973   0.0052594
         725     1.98876     2.02968  0.00525245
         726     2.00123     2.02964  0.00524536
         727     2.01139     2.02961   0.0052382
         728     2.02691     2.02961  0.00523101
         729     2.02075      2.0296  0.00522385
         730     2.03933     2.02961  0.00521671
         731     2.04768     2.02963  0.00520963
         732     2.01716     2.02962  0.00520254
         733     2.03855     2.02963  0.00519546
         734     2.02016     2.02962   0.0051884
         735      2.0202      2.0296  0.00518135
         736     1.99904     2.02956  0.00517448
         737     2.00544     2.02953  0.00516756
         738     1.98384     2.02947  0.00516093
         739     2.02447     2.02946  0.00515395
         740     2.01872     2.02945  0.00514701
         741     1.99243      2.0294   0.0051403
         742     2.00213     2.02936  0.00513351
         743     1.96714     2.02928  0.00512728
         744     1.97819     2.02921  0.00512085
         745     1.97736     2.02914  0.00511445
         746     1.98341     2.02908  0.00510796
         747     1.96396     2.02899  0.00510187
         748     1.96555      2.0289  0.00509575
         749     1.95817     2.02881  0.00508982
         750     1.95198     2.02871  0.00508407
         751     1.97366     2.02863  0.00507782
         752     1.99955      2.0286  0.00507122
         753     2.01766     2.02858  0.00506451
         754     2.02237     2.02857  0.00505779
         755     2.00607     2.02854  0.00505118
         756      1.9774     2.02848  0.00504496
         757      1.9404     2.02836  0.00503963
         758     1.92912     2.02823  0.00503468
         759     1.92389     2.02809  0.00502993
         760     1.94199     2.02798  0.00502458
         761     1.93151     2.02785  0.00501958
         762     1.94803     2.02775  0.00501409
         763     1.96359     2.02766  0.00500822
         764     1.96028     2.02757  0.00500244
         765     1.98685     2.02752  0.00499618
         766     1.96551     2.02744  0.00499032
         767     2.01621     2.02742  0.00498383
         768     2.05387     2.02746  0.00497746
         769      2.0337     2.02747    0.004971
         770     2.04672     2.02749   0.0049646
         771     2.02386     2.02749  0.00495817
         772     1.99948     2.02745  0.00495188
         773     1.98787      2.0274  0.00494574
         774     1.98121     2.02734  0.00493971
         775     1.96518     2.02726  0.00493398
         776     1.99968     2.02722  0.00492775
         777     1.97714     2.02716  0.00492183
         778     2.01279     2.02714  0.00491554
         779     2.03969     2.02716  0.00490926
         780     2.01482     2.02714  0.00490299
         781     1.97651     2.02708  0.00489714
         782     1.93732     2.02696  0.00489222
         783     1.93322     2.02684  0.00488744
         784     1.92517     2.02671  0.00488293
         785     1.91287     2.02657  0.00487886
         786     1.93209     2.02645  0.00487413
         787     1.96446     2.02637  0.00486857
         788     1.96284     2.02629  0.00486306
         789     1.97445     2.02622  0.00485734
         790     1.96787     2.02615  0.00485176
         791     1.95948     2.02606  0.00484636
         792     1.95017     2.02597  0.00484118
         793     1.95769     2.02588  0.00483584
         794     1.97445     2.02582  0.00483019
         795     2.00159     2.02579  0.00482421
         796     1.97455     2.02572  0.00481858
         797     2.02515     2.02572  0.00481253
         798     1.99391     2.02568  0.00480667
         799     1.99597     2.02565  0.00480079
         800     1.94925     2.02555  0.00479574
         801     1.97158     2.02548  0.00479023
         802     1.94866     2.02539  0.00478521
         803     1.95335      2.0253  0.00478009
         804     1.94982      2.0252  0.00477507
         805     1.96354     2.02513  0.00476975
         806     1.98555     2.02508  0.00476409
         807     1.98551     2.02503  0.00475844
         808     1.99734     2.02499  0.00475267
         809     2.00863     2.02497  0.00474684
         810     1.97575     2.02491  0.00474137
         811     1.97898     2.02486  0.00473586
         812     1.97763      2.0248  0.00473039
         813     1.94083      2.0247  0.00472569
         814     1.95601     2.02461  0.00472064
         815     1.96594     2.02454   0.0047154
         816     1.95207     2.02445  0.00471046
         817     1.98016      2.0244    0.004705
         818     1.99771     2.02436  0.00469936
         819     2.02735     2.02437  0.00469363
         820     2.00776     2.02435  0.00468795
         821     2.01732     2.02434  0.00468224
         822     2.00589     2.02432   0.0046766
         823     2.01572     2.02431  0.00467093
         824     2.02707     2.02431  0.00466526
         825     2.01713      2.0243  0.00465962
         826     2.04804     2.02433  0.00465407
         827     2.02252     2.02433  0.00464844
         828     2.00288      2.0243   0.0046429
         829     2.02191      2.0243   0.0046373
         830     2.00199     2.02427  0.00463179
         831      2.0089     2.02425  0.00462625
         832     2.00896     2.02423  0.00462073
         833     1.99001     2.02419  0.00461536
         834     1.99392     2.02416  0.00460997
         835     1.99181     2.02412  0.00460461
         836     2.01193      2.0241  0.00459913
         837     1.99261     2.02407  0.00459379
         838     2.00753     2.02405  0.00458835
         839     2.00937     2.02403  0.00458291
         840     1.98973     2.02399  0.00457764
         841     1.98438     2.02394  0.00457244
         842     2.01042     2.02392  0.00456703
         843     1.96286     2.02385  0.00456219
         844     1.98602     2.02381  0.00455701
         845     1.97002     2.02374  0.00455206
         846     1.95251     2.02366  0.00454746
         847     1.94311     2.02356  0.00454308
         848     1.95856     2.02349  0.00453837
         849      1.9885     2.02345  0.00453321
         850     1.98868     2.02341  0.00452806
         851     2.03326     2.02342  0.00452276
         852     2.04399     2.02344  0.00451751
         853      2.0474     2.02347  0.00451231
         854     2.05841     2.02351  0.00450721
         855     2.05644     2.02355   0.0045021
         856     2.02487     2.02355  0.00449684
         857     2.04541     2.02358  0.00449167
         858     2.02749     2.02358  0.00448643
         859     1.98335     2.02353  0.00448145
         860     2.04991     2.02356  0.00447635
         861      2.0228     2.02356  0.00447115
         862     2.02751     2.02357  0.00446597
         863     2.06661     2.02362  0.00446107
         864     2.02553     2.02362  0.00445591
         865      2.0482     2.02365  0.00445085
         866      2.0023     2.02362  0.00444577
         867     2.03224     2.02363  0.00444066
         868     2.01182     2.02362  0.00443556
         869     2.00998      2.0236  0.00443049
         870     2.00356     2.02358  0.00442545
         871     1.99865     2.02355  0.00442046
         872     1.97694      2.0235  0.00441572
         873     1.98509     2.02345  0.00441088
         874     1.99184     2.02342  0.00440598
         875     1.97248     2.02336  0.00440133
         876     1.98655     2.02332  0.00439651
         877     2.00422      2.0233  0.00439155
         878     2.01846     2.02329  0.00438655
         879     1.99735     2.02326  0.00438166
         880     2.04451     2.02329  0.00437675
         881     2.02308     2.02329  0.00437178
         882      2.0449     2.02331  0.00436689
         883      2.0284     2.02332  0.00436195
         884     2.00355     2.02329  0.00435707
         885     1.98152     2.02325   0.0043524
         886     2.00962     2.02323  0.00434752
         887     2.00181     2.02321  0.00434268
         888     2.02507     2.02321  0.00433779
         889     2.00679     2.02319  0.00433295
         890      2.0475     2.02322  0.00432817
         891     2.02674     2.02322  0.00432332
         892     2.04781     2.02325  0.00431856
         893     2.02935     2.02326  0.00431373
         894     2.04484     2.02328  0.00430897
         895      2.0389      2.0233  0.00430419
         896     2.02967      2.0233  0.00429939
         897     2.02284      2.0233   0.0042946
         898     2.04094     2.02332  0.00428986
         899     2.04063     2.02334  0.00428513
         900       2.052     2.02338  0.00428049
         901     2.01458     2.02337  0.00427575
         902     2.02393     2.02337  0.00427101
         903     2.02316     2.02337  0.00426628
         904     2.00963     2.02335  0.00426159
         905     2.01703     2.02334  0.00425688
         906     2.01888     2.02334  0.00425219
         907     2.02226     2.02334   0.0042475
         908     2.05711     2.02337  0.00424299
         909     2.06889     2.02342  0.00423861
         910     2.04881     2.02345  0.00423405
         911     2.06831      2.0235  0.00422969
         912     2.03613     2.02352  0.00422507
         913      2.0695     2.02357  0.00422074
         914     2.03196     2.02358  0.00421614
         915     2.07016     2.02363  0.00421183
         916     2.03197     2.02364  0.00420725
         917     2.01857     2.02363  0.00420266
         918     2.05581     2.02366  0.00419823
         919     2.07283     2.02372    0.004194
         920     2.06618     2.02376   0.0041897
         921     2.05479      2.0238  0.00418528
         922     2.05608     2.02383  0.00418089
         923     2.03563     2.02385  0.00417638
         924     2.00441     2.02382  0.00417191
         925     1.99588     2.02379  0.00416751
         926     1.99027     2.02376  0.00416317
         927     2.00629     2.02374  0.00415872
         928      1.9684     2.02368  0.00415467
         929     1.97753     2.02363  0.00415049
         930     1.95533     2.02356  0.00414668
         931     1.95153     2.02348  0.00414295
         932      1.9757     2.02343  0.00413882
         933     1.99922      2.0234  0.00413446
         934     2.04003     2.02342  0.00413008
         935     2.05866     2.02346  0.00412583
         936     2.08221     2.02352   0.0041219
         937     2.05844     2.02356  0.00411767
         938     2.05809     2.02359  0.00411344
         939     2.04726     2.02362  0.00410914
         940     2.04874     2.02365  0.00410486
         941     2.08191     2.02371  0.00410096
         942     2.06824     2.02376  0.00409688
         943     2.06563      2.0238  0.00409278
         944     2.10945     2.02389  0.00408945
         945     2.11792     2.02399  0.00408633
         946     2.11275     2.02408  0.00408309
         947     2.08096     2.02414  0.00407922
         948     2.06526     2.02419  0.00407514
         949      2.0573     2.02422    0.004071
         950     2.03663     2.02424  0.00406674
         951     2.08738      2.0243    0.004063
         952      2.0695     2.02435  0.00405901
         953     2.09983     2.02443  0.00405552
         954     2.11673     2.02453  0.00405243
         955     2.07264     2.02458   0.0040485
         956     2.07918     2.02463  0.00404466
         957     2.08131     2.02469  0.00404087
         958     2.05918     2.02473  0.00403681
         959     2.10889     2.02482  0.00403356
         960     2.01731     2.02481  0.00402936
         961     2.12018     2.02491  0.00402639
         962     2.09796     2.02498  0.00402292
         963     2.11508     2.02508  0.00401983
         964     2.10031     2.02515  0.00401642
         965     2.12226     2.02526  0.00401352
         966     2.09431     2.02533     0.00401
         967     2.09454      2.0254  0.00400649
         968     2.06973     2.02544  0.00400262
         969     2.10569     2.02553  0.00399934
         970     2.04764     2.02555  0.00399528
         971     2.06168     2.02559  0.00399134
         972     2.06097     2.02562   0.0039874
         973     2.04949     2.02565  0.00398338
         974     2.03653     2.02566  0.00397931
         975     2.03428     2.02567  0.00397524
         976     2.02411     2.02567  0.00397116
         977     2.01013     2.02565  0.00396713
         978     2.01214     2.02564   0.0039631
         979     2.04685     2.02566  0.00395911
         980     2.02615     2.02566  0.00395507
         981     2.04616     2.02568  0.00395109
         982     2.06058     2.02572  0.00394723
         983     2.04042     2.02573  0.00394324
         984     1.98843     2.02569  0.00393942
         985     2.01019     2.02568  0.00393545
         986      1.9808     2.02563  0.00393172
         987     1.96455     2.02557  0.00392822
         988     1.93164     2.02547   0.0039254
         989     1.95441      2.0254  0.00392209
         990     1.95259     2.02533  0.00391881
         991     1.96944     2.02527  0.00391527
         992     1.97939     2.02523  0.00391159
         993     1.97488     2.02518  0.00390798
         994     1.98788     2.02514  0.00390423
         995     2.00478     2.02512  0.00390036
         996     1.98477     2.02508  0.00389665
         997     2.01824     2.02507  0.00389275
         998     1.99027     2.02504  0.00388901
         999     1.98658       2.025  0.00388531
        1000     1.98037     2.02495  0.00388168
