# VELOCITY:     ACTUAL_POFV:
    0.166667   0.0244444
         0.5    0.141111
    0.833333        0.23
     1.16667    0.429444
         1.5    0.447778
     1.83333       0.385
     2.16667    0.477222
         2.5    0.274444
     2.83333    0.227222
     3.16667        0.18
         3.5   0.0544444
     3.83333   0.0783333
     4.16667   0.0227778
         4.5   0.0277778
     4.83333           0
     5.16667           0
         5.5           0
     5.83333           0
     6.16667           0
         6.5           0
     6.83333           0
     7.16667           0
         7.5           0
     7.83333           0
     8.16667           0
         8.5           0
     8.83333           0
     9.16667           0
         9.5           0
     9.83333           0
