# VELOCITY:     ACTUAL_POFV:
    0.166667           0
         0.5   0.0116667
    0.833333       0.045
     1.16667    0.169444
         1.5    0.277222
     1.83333       0.535
     2.16667    0.459444
         2.5    0.352778
     2.83333    0.491667
     3.16667    0.352222
         3.5    0.162778
     3.83333   0.0988889
     4.16667   0.0205556
         4.5   0.0127778
     4.83333   0.0105556
     5.16667           0
         5.5           0
     5.83333           0
     6.16667           0
         6.5           0
     6.83333           0
     7.16667           0
         7.5           0
     7.83333           0
     8.16667           0
         8.5           0
     8.83333           0
     9.16667           0
         9.5           0
     9.83333           0
