#     BLOCK:  ACTUAL_PE:     PE_AVE:      ERROR:
           1   -0.397035   -0.397035           0
           2   -0.372416   -0.384725  0.00870416
           3   -0.381673   -0.383708  0.00586194
           4   -0.398594   -0.387429  0.00545123
           5   -0.422504   -0.394444  0.00764101
           6   -0.458779   -0.405167   0.0116772
           7   -0.471052   -0.414579   0.0132708
           8   -0.487039   -0.423637   0.0143743
           9   -0.465042   -0.428237   0.0134933
          10   -0.432254   -0.428639     0.01215
          11   -0.422716     -0.4281   0.0110574
          12   -0.411101   -0.426684   0.0102263
          13   -0.411558    -0.42552  0.00950559
          14   -0.437849   -0.426401  0.00886731
          15   -0.455244   -0.428324  0.00848209
          16   -0.466183    -0.43069  0.00827542
          17   -0.438632   -0.431157  0.00780181
          18   -0.413337   -0.430167  0.00743092
          19   -0.391541   -0.428134  0.00731262
          20   -0.392756   -0.426365  0.00715775
          21    -0.43802    -0.42692  0.00683838
          22   -0.456337   -0.428257  0.00665699
          23   -0.501363   -0.431436  0.00708585
          24   -0.473156   -0.433174  0.00700059
          25   -0.444599   -0.433631  0.00673547
          26    -0.46397   -0.434798  0.00657671
          27   -0.449425    -0.43534   0.0063554
          28    -0.45277   -0.435962  0.00615884
          29   -0.447666   -0.436366  0.00595967
          30   -0.458674   -0.437109  0.00580722
          31   -0.456449   -0.437733   0.0056533
          32   -0.430814   -0.437517  0.00548077
          33   -0.439258    -0.43757  0.00531494
          34   -0.428962   -0.437317  0.00516465
          35   -0.423779    -0.43693  0.00503155
          36   -0.415073   -0.436323  0.00492828
          37   -0.434002    -0.43626  0.00479548
          38   -0.467004   -0.437069  0.00473704
          39   -0.475271   -0.438049  0.00471577
          40    -0.48988   -0.439344  0.00477258
          41   -0.474445     -0.4402  0.00473234
          42   -0.467749   -0.440856   0.0046649
          43   -0.460311   -0.441309   0.0045783
          44   -0.423599   -0.440906  0.00449191
          45   -0.438004   -0.440842  0.00439255
          46   -0.459971   -0.441258   0.0043167
          47   -0.483692   -0.442161  0.00431824
          48   -0.459659   -0.442525  0.00424364
          49   -0.424892   -0.442165  0.00417226
          50   -0.403146   -0.441385  0.00416116
          51   -0.368391   -0.439954   0.0043187
          52   -0.375414   -0.438712  0.00441039
          53   -0.404971   -0.438076  0.00437288
          54   -0.443557   -0.438177  0.00429308
          55   -0.491697    -0.43915   0.0043239
          56   -0.445478   -0.439263  0.00424816
          57   -0.407666   -0.438709  0.00420964
          58   -0.448073   -0.438871  0.00414016
          59    -0.47292   -0.439448  0.00411001
          60   -0.537614   -0.441084    0.004355
          61   -0.519903   -0.442376  0.00447119
          62   -0.527348   -0.443746  0.00460433
          63   -0.451082   -0.443863  0.00453272
          64   -0.432437   -0.443684  0.00446541
          65   -0.425076   -0.443398  0.00440588
          66   -0.427311   -0.443154  0.00434586
          67   -0.450272    -0.44326   0.0042823
          68   -0.491793   -0.443974  0.00427838
          69   -0.502414   -0.444821  0.00429939
          70   -0.472556   -0.445217  0.00425619
          71   -0.456682   -0.445379   0.0041993
          72   -0.462071   -0.445611  0.00414737
          73   -0.460646   -0.445817  0.00409567
          74   -0.455554   -0.445948  0.00404244
          75   -0.453268   -0.446046  0.00398972
          76   -0.445707   -0.446041  0.00393722
          77   -0.443169   -0.446004  0.00388627
          78   -0.451431   -0.446074  0.00383707
          79   -0.428221   -0.445848  0.00379514
          80   -0.440874   -0.445785  0.00374821
          81   -0.435604    -0.44566  0.00370405
          82   -0.429936   -0.445468  0.00366384
          83   -0.450312   -0.445526  0.00362016
          84   -0.465864   -0.445768  0.00358515
          85   -0.446425   -0.445776  0.00354298
          86   -0.424865   -0.445533  0.00351011
          87   -0.434126   -0.445402  0.00347222
          88   -0.413164   -0.445036  0.00345203
          89   -0.404926   -0.444585  0.00344254
          90   -0.411348   -0.444216  0.00342404
          91   -0.402537   -0.443758   0.0034169
          92   -0.380256   -0.443067  0.00344878
          93   -0.404614   -0.442654  0.00343639
          94    -0.40704   -0.442275  0.00342065
          95   -0.403399   -0.441866  0.00340904
          96   -0.388555   -0.441311  0.00341846
          97   -0.398035   -0.440864   0.0034122
          98   -0.392582   -0.440372  0.00341277
          99   -0.404439   -0.440009  0.00339754
         100   -0.418445   -0.439793   0.0033704
         101   -0.386636   -0.439267  0.00337788
         102   -0.415922   -0.439038   0.0033525
         103   -0.413599   -0.438791  0.00332904
         104   -0.414507   -0.438557  0.00330521
         105   -0.437451   -0.438547  0.00327375
         106   -0.411731   -0.438294  0.00325262
         107   -0.350939   -0.437478   0.0033231
         108   -0.351225   -0.436679  0.00338694
         109   -0.392835   -0.436277  0.00337967
         110   -0.401714   -0.435962  0.00336352
         111   -0.388728   -0.435537  0.00336003
         112   -0.386335   -0.435098  0.00335862
         113   -0.375097   -0.434567  0.00337061
         114    -0.36055   -0.433917    0.003403
         115   -0.369413   -0.433356  0.00341933
         116   -0.409092   -0.433147  0.00339624
         117    -0.42437   -0.433072  0.00336804
         118   -0.425702    -0.43301  0.00334008
         119   -0.423655   -0.432931  0.00331294
         120   -0.417265   -0.432801   0.0032879
         121   -0.426499   -0.432749  0.00326114
         122   -0.406579   -0.432534  0.00324145
         123   -0.429607    -0.43251  0.00321519
         124    -0.43331   -0.432517  0.00318927
         125   -0.458017   -0.432721  0.00317027
         126   -0.483984   -0.433128  0.00317111
         127   -0.464877   -0.433378  0.00315598
         128   -0.494048   -0.433852  0.00316671
         129   -0.486119   -0.434257  0.00316798
         130   -0.450727   -0.434383  0.00314614
         131   -0.418763   -0.434264  0.00312439
         132   -0.410923   -0.434087  0.00310572
         133   -0.432071   -0.434072   0.0030824
         134   -0.432443    -0.43406  0.00305942
         135   -0.491967   -0.434489  0.00306668
         136   -0.519834   -0.435116  0.00310768
         137   -0.525292   -0.435775  0.00315393
         138   -0.505653   -0.436281  0.00317146
         139   -0.467132   -0.436503   0.0031564
         140   -0.408528   -0.436303  0.00314018
         141   -0.410967   -0.436124  0.00312304
         142   -0.424983   -0.436045  0.00310203
         143   -0.437538   -0.436055  0.00308036
         144   -0.415363   -0.435912  0.00306232
         145   -0.396664   -0.435641  0.00305314
         146   -0.396967   -0.435376   0.0030437
         147   -0.406384   -0.435179  0.00302937
         148   -0.397334   -0.434923  0.00301968
         149   -0.415465   -0.434793  0.00300223
         150   -0.446428    -0.43487  0.00298322
         151   -0.452709   -0.434988   0.0029658
         152   -0.475764   -0.435257   0.0029584
         153   -0.466512   -0.435461  0.00294611
         154   -0.398929   -0.435224  0.00293651
         155   -0.354792   -0.434705  0.00296306
         156   -0.362278   -0.434241  0.00298022
         157   -0.377222   -0.433877  0.00298328
         158   -0.372376   -0.433488  0.00298969
         159   -0.366029   -0.433064  0.00300084
         160   -0.363679    -0.43263  0.00301325
         161   -0.367626   -0.432226  0.00302146
         162   -0.403669    -0.43205  0.00300795
         163    -0.42175   -0.431987  0.00299016
         164   -0.422137   -0.431927  0.00297253
         165   -0.437543   -0.431961  0.00295471
         166    -0.45084   -0.432075   0.0029391
         167   -0.403815   -0.431905  0.00292637
         168   -0.427237   -0.431878  0.00290908
         169    -0.46976   -0.432102  0.00290049
         170   -0.493626   -0.432464  0.00290592
         171   -0.468019   -0.432672  0.00289636
         172   -0.462138   -0.432843  0.00288458
         173   -0.440816   -0.432889  0.00286827
         174   -0.421617   -0.432824  0.00285252
         175   -0.423824   -0.432773  0.00283668
         176   -0.398569   -0.432578  0.00282722
         177   -0.388884   -0.432332    0.002822
         178   -0.360602   -0.431929  0.00283477
         179   -0.374985   -0.431611  0.00283673
         180   -0.395171   -0.431408  0.00282818
         181   -0.411693   -0.431299  0.00281465
         182   -0.378507   -0.431009   0.0028141
         183   -0.368568   -0.430668  0.00281933
         184   -0.394966   -0.430474  0.00281067
         185   -0.387743   -0.430243  0.00280496
         186   -0.365408   -0.429894  0.00281145
         187   -0.387658   -0.429668  0.00280548
         188   -0.395531   -0.429487  0.00279642
         189   -0.388885   -0.429272  0.00278987
         190   -0.374951   -0.428986  0.00278979
         191   -0.358478   -0.428617   0.0027995
         192   -0.364041   -0.428281  0.00280505
         193   -0.373421   -0.427996  0.00280488
         194   -0.382102    -0.42776  0.00280038
         195   -0.350013   -0.427361  0.00281426
         196   -0.344822    -0.42694  0.00283124
         197   -0.356606   -0.426583  0.00283929
         198   -0.355558   -0.426224  0.00284752
         199   -0.385884   -0.426022  0.00284041
         200   -0.393307   -0.425858  0.00283092
         201   -0.384026    -0.42565  0.00282447
         202   -0.403093   -0.425538   0.0028127
         203   -0.395432    -0.42539  0.00280275
         204   -0.370813   -0.425122  0.00280175
         205   -0.382578   -0.424915  0.00279576
         206   -0.370225   -0.424649  0.00279476
         207   -0.332381   -0.424204  0.00281658
         208   -0.314413   -0.423676  0.00285207
         209   -0.303634   -0.423101  0.00289568
         210   -0.314991   -0.422587   0.0029273
         211   -0.337846   -0.422185  0.00294085
         212   -0.310711   -0.421659  0.00297361
         213     -0.2975   -0.421076  0.00301624
         214   -0.295164   -0.420488    0.003059
         215   -0.328242   -0.420059  0.00307471
         216   -0.363236   -0.419796  0.00307171
         217   -0.366406    -0.41955  0.00306739
         218   -0.338225   -0.419177  0.00307592
         219   -0.336873   -0.418801  0.00308475
         220   -0.328712   -0.418391  0.00309779
         221   -0.319358   -0.417943  0.00311601
         222   -0.299386   -0.417409  0.00314741
         223   -0.282102   -0.416802  0.00319125
         224   -0.277518   -0.416181  0.00323701
         225   -0.289684   -0.415618  0.00327108
         226    -0.31718   -0.415183  0.00328548
         227   -0.334434   -0.414827  0.00329021
         228   -0.352584   -0.414554  0.00328708
         229   -0.363141    -0.41433  0.00328039
         230   -0.361102   -0.414098  0.00327428
         231   -0.353677   -0.413837  0.00327053
         232   -0.333374    -0.41349  0.00327477
         233    -0.31578    -0.41307  0.00328746
         234   -0.318707   -0.412667  0.00329805
         235   -0.320717   -0.412276  0.00330715
         236   -0.304311   -0.411818  0.00332462
         237   -0.316415   -0.411416  0.00333488
         238   -0.365209   -0.411222  0.00332651
         239   -0.380821   -0.411095  0.00331502
         240   -0.362874   -0.410894   0.0033073
         241   -0.361305   -0.410688  0.00329997
         242   -0.331715   -0.410362  0.00330243
         243   -0.354539   -0.410132  0.00329682
         244   -0.353171   -0.409898  0.00329156
         245   -0.363333   -0.409708  0.00328361
         246   -0.340156   -0.409426  0.00328241
         247   -0.371109    -0.40927  0.00327278
         248   -0.365739   -0.409095  0.00326429
         249   -0.319219   -0.408734  0.00327108
         250   -0.289362   -0.408256  0.00329266
         251   -0.304526   -0.407843  0.00330537
         252   -0.320087   -0.407495  0.00331055
         253   -0.299145   -0.407067  0.00332505
         254   -0.306189    -0.40667  0.00333559
         255   -0.320193    -0.40633  0.00333971
         256   -0.324408    -0.40601  0.00334196
         257   -0.366976   -0.405859   0.0033324
         258   -0.397916   -0.405828  0.00331963
         259   -0.402023   -0.405813  0.00330685
         260   -0.387338   -0.405742  0.00329489
         261    -0.37127    -0.40561  0.00328491
         262   -0.359641   -0.405434  0.00327706
         263   -0.376627   -0.405325  0.00326643
         264   -0.429438   -0.405416  0.00325533
         265   -0.447466   -0.405575  0.00324691
         266   -0.452287   -0.405751  0.00323945
         267    -0.45773   -0.405945  0.00323316
         268   -0.474727   -0.406202  0.00323127
         269   -0.488899   -0.406509  0.00323385
         270   -0.481908   -0.406789  0.00323391
         271    -0.43565   -0.406895  0.00322373
         272   -0.393543   -0.406846  0.00321225
         273   -0.420221   -0.406895  0.00320085
         274   -0.447792   -0.407044  0.00319265
         275   -0.453221   -0.407212  0.00318545
         276   -0.439046   -0.407327    0.003176
         277   -0.407336   -0.407328  0.00316453
         278   -0.356021   -0.407143  0.00315853
         279    -0.33051   -0.406868  0.00315913
         280   -0.316663   -0.406546  0.00316423
         281   -0.329909   -0.406273   0.0031647
         282   -0.309229   -0.405929  0.00317213
         283   -0.310371   -0.405592  0.00317884
         284   -0.311675   -0.405261   0.0031848
         285   -0.332765   -0.405007  0.00318377
         286   -0.348686    -0.40481  0.00317872
         287     -0.3474    -0.40461  0.00317394
         288   -0.339939   -0.404385  0.00317085
         289   -0.337672   -0.404154  0.00316827
         290   -0.336935   -0.403922  0.00316581
         291   -0.320439   -0.403636   0.0031679
         292   -0.285952   -0.403233  0.00318259
         293   -0.318172   -0.402942  0.00318494
         294    -0.33424   -0.402709  0.00318267
         295   -0.345726   -0.402515  0.00317773
         296    -0.35395   -0.402351  0.00317123
         297   -0.350279   -0.402176   0.0031654
         298   -0.390534   -0.402137  0.00315502
         299   -0.412568   -0.402172  0.00314466
         300   -0.461462   -0.402369  0.00314038
         301   -0.454498   -0.402543  0.00313472
         302   -0.438717   -0.402662  0.00312663
         303   -0.401168   -0.402657  0.00311631
         304   -0.373521   -0.402562  0.00310753
         305   -0.354275   -0.402403  0.00310137
         306   -0.366545   -0.402286  0.00309345
         307    -0.36845   -0.402176  0.00308534
         308   -0.371338   -0.402076  0.00307695
         309   -0.367195   -0.401963  0.00306906
         310   -0.384596   -0.401907  0.00305967
         311   -0.404041   -0.401914  0.00304984
         312   -0.405021   -0.401924  0.00304008
         313   -0.395092   -0.401902  0.00303045
         314   -0.395943   -0.401883  0.00302085
         315   -0.388406    -0.40184  0.00301157
         316   -0.359313   -0.401706  0.00300504
         317   -0.343124   -0.401521  0.00300124
         318    -0.33278   -0.401305  0.00299958
         319   -0.339439   -0.401111  0.00299644
         320   -0.322574   -0.400865  0.00299711
         321   -0.298767   -0.400547   0.0030046
         322   -0.305407   -0.400252  0.00300976
         323   -0.305756   -0.399959  0.00301463
         324   -0.295605   -0.399637  0.00302248
         325   -0.314355   -0.399375  0.00302455
         326   -0.307464   -0.399093  0.00302838
         327   -0.348613   -0.398938  0.00302305
         328   -0.377118   -0.398872  0.00301457
         329   -0.414288   -0.398919  0.00300577
         330   -0.431793   -0.399018  0.00299831
         331   -0.409526    -0.39905  0.00298942
         332   -0.417501   -0.399106  0.00298093
         333   -0.432083   -0.399205  0.00297363
         334    -0.44406   -0.399339  0.00296775
         335   -0.471592   -0.399555  0.00296672
         336   -0.491551   -0.399828   0.0029705
         337    -0.49143     -0.4001   0.0029741
         338    -0.47694   -0.400328  0.00297397
         339   -0.464435   -0.400517  0.00297121
         340   -0.424029   -0.400586  0.00296327
         341   -0.395797   -0.400572  0.00295462
         342   -0.392841   -0.400549  0.00294606
         343   -0.369596   -0.400459  0.00293886
         344   -0.353488   -0.400322  0.00293348
         345   -0.340306   -0.400148  0.00293013
         346    -0.38487   -0.400104    0.002922
         347   -0.420251   -0.400162  0.00291415
         348   -0.435074   -0.400263  0.00290751
         349   -0.444787    -0.40039  0.00290197
         350   -0.430081   -0.400475  0.00289492
         351   -0.436708   -0.400578  0.00288851
         352   -0.426501   -0.400652  0.00288125
         353   -0.418177   -0.400702  0.00287351
         354   -0.402577   -0.400707   0.0028654
         355   -0.392715   -0.400684  0.00285742
         356   -0.410424   -0.400712  0.00284952
         357   -0.440439   -0.400823  0.00284371
         358   -0.446341    -0.40095  0.00283861
         359   -0.404105   -0.400959  0.00283072
         360   -0.380592   -0.400902  0.00282342
         361   -0.359487   -0.400788  0.00281793
         362   -0.373173   -0.400711  0.00281117
         363   -0.394152   -0.400693  0.00280349
         364   -0.382847   -0.400644  0.00279621
         365   -0.400011   -0.400643  0.00278855
         366   -0.401003   -0.400643  0.00278094
         367   -0.374542   -0.400572  0.00277427
         368    -0.34806    -0.40043   0.0027704
         369   -0.334113    -0.40025  0.00276871
         370   -0.348579    -0.40011  0.00276475
         371   -0.370825   -0.400031  0.00275842
         372   -0.388006   -0.399999   0.0027512
         373   -0.382341   -0.399952  0.00274423
         374   -0.373108    -0.39988  0.00273783
         375   -0.373193   -0.399809  0.00273145
         376   -0.425909   -0.399878  0.00272507
         377   -0.424287   -0.399943  0.00271861
         378   -0.432742    -0.40003   0.0027128
         379   -0.423932   -0.400093  0.00270638
         380   -0.407646   -0.400113  0.00269933
         381   -0.381387   -0.400063  0.00269269
         382   -0.396709   -0.400055  0.00268566
         383   -0.378673   -0.399999  0.00267923
         384   -0.378573   -0.399943  0.00267283
         385   -0.373073   -0.399873   0.0026668
         386   -0.393446   -0.399857  0.00265994
         387   -0.376581   -0.399796  0.00265375
         388   -0.383726   -0.399755  0.00264723
         389    -0.37582   -0.399694  0.00264114
         390   -0.380319   -0.399644  0.00263484
         391    -0.39004   -0.399619  0.00262821
         392   -0.386782   -0.399587  0.00262171
         393   -0.385454   -0.399551  0.00261529
         394   -0.385686   -0.399515  0.00260889
         395   -0.385447    -0.39948  0.00260252
         396   -0.395082   -0.399469  0.00259598
         397   -0.396783   -0.399462  0.00258945
         398   -0.415815   -0.399503  0.00258327
         399   -0.411958   -0.399534  0.00257698
         400    -0.39122   -0.399513  0.00257062
         401   -0.368813   -0.399437  0.00256535
         402    -0.37961   -0.399388  0.00255944
         403   -0.398077   -0.399384  0.00255309
         404   -0.405487   -0.399399  0.00254682
         405   -0.409016   -0.399423  0.00254064
         406   -0.388887   -0.399397  0.00253452
         407   -0.368182   -0.399321  0.00252945
         408   -0.335216   -0.399163  0.00252812
         409   -0.340092   -0.399019  0.00252607
         410   -0.349431   -0.398898   0.0025228
         411   -0.373687   -0.398837  0.00251741
         412   -0.390221   -0.398816  0.00251138
         413   -0.378098   -0.398766   0.0025058
         414   -0.367016   -0.398689  0.00250092
         415   -0.408983   -0.398714  0.00249502
         416   -0.453108   -0.398844  0.00249245
         417   -0.456913   -0.398984  0.00249036
         418   -0.416357   -0.399025  0.00248475
         419   -0.395767   -0.399018  0.00247883
         420   -0.357949    -0.39892  0.00247485
         421   -0.356372   -0.398819  0.00247104
         422    -0.35413   -0.398713  0.00246745
         423   -0.333053   -0.398558  0.00246649
         424   -0.322005   -0.398377  0.00246728
         425   -0.319293   -0.398191  0.00246848
         426   -0.309376   -0.397982  0.00247147
         427    -0.33353   -0.397831  0.00247029
         428   -0.345881    -0.39771   0.0024675
         429   -0.337713    -0.39757  0.00246571
         430   -0.336642   -0.397429  0.00246404
         431   -0.371056   -0.397367  0.00245908
         432   -0.388814   -0.397348  0.00245347
         433   -0.403782   -0.397362  0.00244785
         434   -0.436748   -0.397453  0.00244389
         435   -0.434365   -0.397538  0.00243974
         436   -0.440343   -0.397636  0.00243612
         437   -0.463418   -0.397787  0.00243519
         438   -0.469969   -0.397952   0.0024352
         439    -0.47915   -0.398136  0.00243667
         440    -0.45997   -0.398277  0.00243518
         441   -0.479753   -0.398462  0.00243666
         442   -0.489497   -0.398668  0.00243984
         443   -0.464782   -0.398817  0.00243889
         444    -0.45042   -0.398933  0.00243616
         445   -0.467958   -0.399088  0.00243562
         446   -0.450075   -0.399203  0.00243284
         447   -0.431178   -0.399274  0.00242845
         448   -0.439133   -0.399363  0.00242466
         449   -0.491495   -0.399568  0.00242793
         450   -0.550319   -0.399903  0.00244553
         451   -0.532359   -0.400197  0.00245768
         452   -0.480323   -0.400374  0.00245863
         453   -0.481784   -0.400554  0.00245976
         454   -0.458456   -0.400682  0.00245765
         455   -0.436912   -0.400761  0.00245354
         456   -0.386127   -0.400729  0.00244837
         457   -0.381548   -0.400687  0.00244337
         458    -0.36891   -0.400618  0.00243902
         459   -0.347796   -0.400503  0.00243642
         460   -0.343294   -0.400378  0.00243429
         461   -0.368048   -0.400308  0.00243002
         462   -0.374199   -0.400252  0.00242542
         463   -0.383032   -0.400214  0.00242047
         464   -0.384121    -0.40018   0.0024155
         465   -0.429947   -0.400244  0.00241115
         466     -0.4433   -0.400336  0.00240775
         467   -0.451233   -0.400445  0.00240506
         468    -0.43267   -0.400514   0.0024009
         469   -0.433933   -0.400585  0.00239684
         470    -0.44832   -0.400687  0.00239389
         471   -0.453206   -0.400798  0.00239141
         472   -0.418762   -0.400836  0.00238664
         473   -0.421204   -0.400879  0.00238198
         474   -0.434026   -0.400949  0.00237799
         475   -0.428137   -0.401007  0.00237367
         476   -0.413813   -0.401034  0.00236883
         477   -0.399105   -0.401029  0.00236387
         478   -0.397181   -0.401021  0.00235894
         479   -0.417263   -0.401055  0.00235426
         480     -0.4344   -0.401125  0.00235038
         481   -0.437258     -0.4012  0.00234669
         482   -0.443262   -0.401287  0.00234345
         483   -0.427967   -0.401342  0.00233924
         484   -0.413892   -0.401368  0.00233456
         485   -0.380952   -0.401326  0.00233012
         486   -0.382198   -0.401287  0.00232566
         487   -0.369875   -0.401222  0.00232178
         488   -0.348129   -0.401114  0.00231957
         489   -0.353656   -0.401017  0.00231685
         490   -0.411963   -0.401039  0.00231223
         491   -0.425738   -0.401089  0.00230807
         492   -0.396575    -0.40108   0.0023034
         493   -0.419377   -0.401117  0.00229902
         494    -0.41297   -0.401141   0.0022945
         495   -0.411558   -0.401162  0.00228996
         496   -0.374139   -0.401108  0.00228599
         497   -0.375345   -0.401056  0.00228198
         498   -0.355588   -0.400965  0.00227922
         499   -0.348894    -0.40086  0.00227704
         500   -0.355311   -0.400769  0.00227431
