#     BLOCK:   ACTUAL_M:     M_AVE:       ERROR:
           1        0.44        0.44           0
           2        0.48        0.46   0.0141421
           3        0.16        0.36   0.0821922
           4        0.08        0.29   0.0864581
           5        0.12       0.256   0.0755566
           6       -0.16    0.186667   0.0892769
           7        0.04    0.165714   0.0789435
           8        0.04        0.15   0.0706222
           9        0.24        0.16   0.0634794
          10        0.28       0.172   0.0582546
          11        0.12    0.167273   0.0531502
          12        0.12    0.163333   0.0488668
          13        0.32    0.175385   0.0465701
          14        0.32    0.185714   0.0443745
          15        0.24    0.189333   0.0415635
          16           0      0.1775   0.0406154
          17       -0.08    0.162353   0.0409534
          18        0.28    0.168889   0.0391963
          19        0.16    0.168421   0.0371361
          20        0.24       0.172   0.0354514
          21       -0.08        0.16   0.0357365
          22       -0.16    0.145455   0.0369539
          23        0.12    0.144348   0.0353638
          24       -0.08       0.135    0.035104
          25       -0.04       0.128   0.0343907
          26        0.08    0.126154   0.0331175
          27       -0.08    0.118519   0.0327593
          28       -0.28    0.104286    0.034543
          29       -0.24   0.0924138   0.0353332
          30       -0.32   0.0786667   0.0367325
          31       -0.28   0.0670968   0.0373252
          32           0       0.065   0.0362177
          33        0.12   0.0666667   0.0351585
          34        0.32   0.0741176    0.034905
          35        0.44   0.0845714   0.0354386
          36        0.12   0.0855556   0.0344678
          37        0.04   0.0843243   0.0335583
          38       -0.04   0.0810526   0.0328342
          39        0.04        0.08   0.0320092
          40       -0.12       0.075   0.0315971
          41         0.2   0.0780488   0.0309732
          42        0.32   0.0838095   0.0307668
          43         0.4   0.0911628   0.0309175
          44        0.28   0.0954545   0.0305112
          45        0.28   0.0995556   0.0301076
          46        0.56    0.109565   0.0310724
          47         0.6        0.12   0.0321157
          48        0.44    0.126667   0.0321311
          49        0.28    0.129796   0.0316274
          50        0.24       0.132   0.0310715
          51        0.28    0.134902   0.0305975
          52        0.08    0.133846   0.0300273
          53       -0.08    0.129811   0.0297306
          54       -0.04    0.126667   0.0293459
          55       -0.24        0.12   0.0295599
          56       -0.08    0.116429    0.029247
          57           0    0.114386   0.0288051
          58       -0.08    0.111034   0.0285028
          59        0.04    0.109831   0.0280451
          60       -0.08    0.106667   0.0277555
          61        0.04    0.105574    0.027322
          62        0.16    0.106452   0.0268955
          63       -0.08    0.103492   0.0266309
          64       -0.16    0.099375   0.0265311
          65       -0.04   0.0972308   0.0262095
          66       -0.04   0.0951515   0.0258947
          67        0.28   0.0979104   0.0256547
          68        0.12   0.0982353   0.0252795
          69        0.28     0.10087     0.02505
          70        0.28    0.103429   0.0248225
          71        0.12    0.103662    0.024474
          72        0.36    0.107222   0.0243917
          73        0.16    0.107945   0.0240683
          74        0.16    0.108649   0.0237533
          75         0.2    0.109867   0.0234678
          76        0.16    0.110526   0.0231683
          77        0.32    0.113247   0.0230266
          78        0.24    0.114872   0.0227886
          79        0.24    0.116456   0.0225551
          80       -0.04      0.1145   0.0223578
          81        0.08    0.114074   0.0220858
          82        0.08    0.113659   0.0218204
          83        0.48    0.118072   0.0219994
          84         0.4    0.121429    0.021992
          85           0        0.12   0.0217796
          86         0.2     0.12093   0.0215462
          87        0.28    0.122759    0.021376
          88        0.16    0.123182   0.0211373
          89         0.4    0.126292   0.0211274
          90         0.4    0.129333   0.0211104
          91        0.52    0.133626   0.0213105
          92        0.52    0.137826   0.0214887
          93         0.6    0.142796   0.0218247
          94         0.2    0.143404    0.021601
          95       -0.08    0.141053   0.0215013
          96       -0.04    0.139167   0.0213598
          97       -0.12    0.136495   0.0213061
          98           0    0.135102   0.0211342
          99       -0.08    0.132929   0.0210321
         100        0.12      0.1328   0.0208221
         101        0.24    0.133861    0.020643
         102       -0.04    0.132157   0.0205109
         103       -0.04    0.130485   0.0203797
         104        0.12    0.130385    0.020184
         105        0.16    0.130667   0.0199938
         106        0.04    0.129811   0.0198234
         107        0.08    0.129346   0.0196436
         108        0.32    0.131111   0.0195409
         109        0.32    0.132844   0.0194383
         110        0.08    0.132364   0.0192675
         111        0.16    0.132613   0.0190956
         112        0.12      0.1325   0.0189254
         113       -0.16    0.129912   0.0189341
         114       -0.08     0.12807   0.0188574
         115       -0.08    0.126261     0.01878
         116           0    0.125172   0.0186496
         117        0.04    0.124444   0.0185044
         118       -0.24    0.121356   0.0186035
         119         0.2    0.122017   0.0184589
         120        0.32    0.123667   0.0183787
         121        0.36     0.12562   0.0183303
         122        0.16    0.125902   0.0181822
         123       -0.04    0.124553   0.0180844
         124        0.04    0.123871   0.0179514
         125       -0.04     0.12256   0.0178556
         126        0.08    0.122222    0.017717
         127       -0.04    0.120945   0.0176235
         128        0.08    0.120625   0.0174887
         129        0.28     0.12186   0.0173968
         130        0.12    0.121846   0.0172629
         131        0.32    0.123359   0.0171973
         132         0.2    0.123939   0.0170768
         133        0.32    0.125414   0.0170119
         134        0.32    0.126866   0.0169468
         135        0.24    0.127704    0.016842
         136        0.28    0.128824   0.0167554
         137       -0.04    0.127591   0.0166783
         138       -0.32    0.124348   0.0168699
         139        -0.4    0.120576   0.0171651
         140       -0.04    0.119429   0.0170808
         141        0.08    0.119149   0.0169619
         142        0.16    0.119437   0.0168449
         143        0.08    0.119161   0.0167294
         144        0.08    0.118889   0.0166154
         145       -0.08    0.117517   0.0165573
         146        0.12    0.117534   0.0164439
         147        0.16    0.117823   0.0163346
         148         0.2    0.118378   0.0162337
         149        0.28    0.119463   0.0161609
         150       -0.08    0.118133   0.0161078
         151        0.28    0.119205   0.0160368
         152        0.36    0.120789   0.0160093
         153        0.28     0.12183   0.0159385
         154         0.2    0.122338    0.015843
         155        0.24    0.123097    0.015759
         156         0.2     0.12359   0.0156657
         157         0.4     0.12535   0.0156645
         158        0.32    0.126582   0.0156138
         159        0.24    0.127296   0.0155318
         160        0.32      0.1285   0.0154814
         161         0.4    0.130186   0.0154768
         162        0.04     0.12963   0.0153913
         163         0.2    0.130061   0.0153029
         164         0.4    0.131707   0.0152979
         165         0.4    0.133333   0.0152913
         166         0.2    0.133735   0.0152045
         167        0.12    0.133653   0.0151136
         168       -0.04    0.132619    0.015059
         169       -0.24    0.130414   0.0151304
         170       -0.32    0.127765   0.0152716
         171       -0.16    0.126082   0.0152748
         172           0    0.125349   0.0152035
         173       -0.08    0.124162   0.0151619
         174       -0.08    0.122989   0.0151201
         175        -0.2    0.121143    0.015146
         176       -0.12    0.119773   0.0151217
         177        0.04    0.119322    0.015043
         178        -0.2    0.117528   0.0150651
         179        0.32    0.118659   0.0150233
         180         0.2    0.119111   0.0149467
         181        0.16    0.119337   0.0148658
         182       -0.04    0.118462   0.0148099
         183        0.04    0.118033   0.0147352
         184       -0.08    0.116957   0.0146943
         185           0    0.116324   0.0146285
         186        -0.2    0.114624   0.0146484
         187       -0.32    0.112299   0.0147533
         188       -0.32        0.11   0.0148529
         189       -0.52    0.106667   0.0151437
         190       -0.56    0.103158   0.0154652
         191       -0.44    0.100314   0.0156435
         192       -0.56    0.096875   0.0159356
         193       -0.36   0.0945078   0.0160279
         194       -0.16   0.0931959   0.0159988
         195        -0.2   0.0916923   0.0159873
         196       -0.12   0.0906122   0.0159422
         197       -0.44   0.0879188   0.0160872
         198        -0.4   0.0854545   0.0161936
         199       -0.36   0.0832161   0.0162662
         200       -0.44      0.0806   0.0163938
         201       -0.28    0.078806   0.0164102
         202           0   0.0784158   0.0163336
         203       -0.04   0.0778325   0.0162635
         204           0    0.077451   0.0161883
         205        0.08   0.0774634   0.0161093
         206        0.08   0.0774757   0.0160311
         207       -0.16   0.0763285   0.0159947
         208        -0.2       0.075   0.0159728
         209       -0.04   0.0744498   0.0159059
         210        0.12   0.0746667   0.0158316
         211       -0.04   0.0741232   0.0157659
         212         0.2    0.074717   0.0157027
         213         0.4   0.0762441   0.0157031
         214        0.48   0.0781308   0.0157426
         215        0.32   0.0792558   0.0157096
         216        0.08   0.0792593   0.0156368
         217         0.2   0.0798157   0.0155747
         218        0.28   0.0807339   0.0155303
         219        0.24   0.0814612   0.0154764
         220       -0.16   0.0803636   0.0154449
         221           0        0.08   0.0153793
         222       -0.12   0.0790991   0.0153364
         223           0   0.0787444   0.0152717
         224        0.28   0.0796429   0.0152299
         225        0.24   0.0803556   0.0151789
         226         0.2    0.080885    0.015121
         227           0   0.0805286   0.0150586
         228        0.12   0.0807018   0.0149935
         229       -0.12   0.0798253   0.0149536
         230         0.2   0.0803478   0.0148977
         231        0.36   0.0815584   0.0148824
         232        0.44   0.0831034   0.0148982
         233        0.32   0.0841202   0.0148689
         234        0.48    0.085812   0.0149013
         235         0.2   0.0862979   0.0148458
         236        0.12   0.0864407   0.0147836
         237       -0.12   0.0855696   0.0147468
         238       -0.24   0.0842017   0.0147482
         239        -0.2   0.0830126   0.0147344
         240       -0.24   0.0816667   0.0147343
         241        -0.2   0.0804979   0.0147194
         242       -0.36   0.0786777   0.0147707
         243       -0.36   0.0768724   0.0148199
         244         0.2    0.077377   0.0147677
         245        0.28   0.0782041   0.0147306
         246        0.32    0.079187   0.0147034
         247        0.08   0.0791903   0.0146439
         248       -0.04   0.0787097   0.0145928
         249        0.04   0.0785542    0.014535
         250       -0.08     0.07792   0.0144907
         251       -0.12   0.0771315   0.0144544
         252        0.28   0.0779365   0.0144194
         253        0.16   0.0782609   0.0143661
         254        0.52        0.08   0.0144144
         255        0.64   0.0821961   0.0145242
         256        0.28   0.0829688    0.014488
         257        0.44    0.084358   0.0144981
         258        0.36   0.0854264   0.0144812
         259         0.2   0.0858687    0.014432
         260        0.08   0.0858462   0.0143765
         261         0.4   0.0870498   0.0143718
         262        0.52   0.0887023   0.0144116
         263        0.36   0.0897338   0.0143937
         264        0.48   0.0912121   0.0144149
         265        -0.2   0.0901132   0.0144023
         266       -0.32   0.0885714   0.0144304
         267        -0.2   0.0874906   0.0144168
         268           0   0.0871642   0.0143667
         269        0.04   0.0869888   0.0143144
         270       -0.04   0.0865185   0.0142691
         271        0.16   0.0867897    0.014219
         272        0.16   0.0870588   0.0141693
         273        0.24    0.087619   0.0141284
         274        0.44   0.0889051   0.0141353
         275        0.72      0.0912    0.014269
         276         0.4   0.0923188   0.0142611
         277         0.4   0.0934296   0.0142528
         278        0.28   0.0941007   0.0142173
         279        0.36   0.0950538   0.0141982
         280        0.24   0.0955714    0.014157
         281        0.08    0.095516   0.0141067
         282        0.12   0.0956028   0.0140569
         283        0.04   0.0954064   0.0140086
         284        0.12    0.095493   0.0139596
         285        0.12   0.0955789   0.0139109
         286       -0.08    0.094965   0.0138758
         287       -0.04   0.0944948   0.0138354
         288       -0.16   0.0936111   0.0138155
         289         0.2   0.0939792   0.0137726
         290        0.04   0.0937931   0.0137264
         291       -0.08   0.0931959   0.0136922
         292       -0.16   0.0923288   0.0136728
         293       -0.08   0.0917406   0.0136387
         294        -0.2   0.0907483   0.0136284
         295       -0.36   0.0892203   0.0136676
         296       -0.24   0.0881081   0.0136666
         297        -0.2    0.087138    0.013655
         298       -0.16   0.0863087   0.0136343
         299           0   0.0860201   0.0135918
         300        0.44      0.0872   0.0135976
         301        0.28   0.0878405   0.0135675
         302        0.12    0.087947    0.013523
         303       -0.16   0.0871287   0.0135031
         304       -0.04   0.0867105   0.0134651
         305        0.08   0.0866885    0.013421
         306         0.2   0.0870588   0.0133822
         307        0.08   0.0870358   0.0133387
         308       -0.16   0.0862338   0.0133195
         309        0.16   0.0864725   0.0132785
         310        0.16   0.0867097   0.0132378
         311         0.2    0.087074   0.0132002
         312        0.04   0.0869231   0.0131588
         313        0.16   0.0871565   0.0131188
         314        0.04   0.0870064   0.0130779
         315           0   0.0867302   0.0130393
         316       -0.04   0.0863291   0.0130042
         317        0.16   0.0865615   0.0129652
         318        0.04   0.0864151   0.0129253
         319        0.28   0.0870219    0.012899
         320        0.16     0.08725   0.0128607
         321        0.08   0.0872274   0.0128207
         322       -0.08   0.0867081   0.0127914
         323        0.04   0.0865635   0.0127526
         324        0.12   0.0866667   0.0127137
         325        0.12   0.0867692   0.0126749
         326        0.04   0.0866258   0.0126369
         327           0   0.0863609    0.012601
         328        -0.2   0.0854878   0.0125928
         329        0.16   0.0857143   0.0125566
         330       -0.08   0.0852121   0.0125285
         331        0.04   0.0850755   0.0124914
         332        0.28   0.0856627   0.0124676
         333        0.32   0.0863664     0.01245
         334        0.16   0.0865868   0.0124147
         335         0.2   0.0869254   0.0123822
         336        0.04   0.0867857   0.0123462
         337        0.08   0.0867656   0.0123096
         338       -0.32   0.0855621   0.0123318
         339       -0.04   0.0851917    0.012301
         340        0.04   0.0850588   0.0122656
         341           0   0.0848094   0.0122321
         342       -0.28   0.0837427   0.0122428
         343       -0.32   0.0825656   0.0122635
         344        -0.4   0.0811628   0.0123079
         345       -0.36   0.0798841   0.0123384
         346       -0.44   0.0783815   0.0123939
         347        -0.2   0.0775793   0.0123841
         348        0.04   0.0774713    0.012349
         349       -0.24   0.0765616   0.0123471
         350        0.24   0.0770286   0.0123207
         351        0.48   0.0781766   0.0123389
         352        0.36   0.0789773   0.0123298
         353        0.16   0.0792068    0.012297
         354        0.08    0.079209   0.0122623
         355           0   0.0789859   0.0122298
         356        0.36   0.0797753   0.0122209
         357        0.44   0.0807843   0.0122282
         358        0.12   0.0808939   0.0121946
         359       -0.12   0.0803343   0.0121734
         360           0   0.0801111   0.0121417
         361       -0.08   0.0796676   0.0121161
         362       -0.08   0.0792265   0.0120907
         363        0.04   0.0791185   0.0120578
         364        0.32   0.0797802   0.0120429
         365        0.28   0.0803288   0.0120224
         366        0.24    0.080765   0.0119974
         367        0.12   0.0808719   0.0119652
         368        0.36   0.0816304   0.0119567
         369           0   0.0814092   0.0119264
         370       -0.04   0.0810811   0.0118986
         371        0.24   0.0815094   0.0118743
         372        0.12   0.0816129   0.0118428
         373        0.28   0.0821448    0.011823
         374        0.08    0.082139   0.0117914
         375       -0.16   0.0814933   0.0117776
         376       -0.04   0.0811702   0.0117507
         377       -0.36        0.08   0.0117777
         378       -0.12   0.0794709   0.0117584
         379        0.12   0.0795778   0.0117278
         380           0   0.0793684   0.0116989
         381        -0.4   0.0781102   0.0117356
         382           0   0.0779058   0.0117067
         383        0.44   0.0788512   0.0117142
         384         0.2   0.0791667    0.011688
         385       -0.12   0.0786494    0.011669
         386       -0.16   0.0780311   0.0116552
         387       -0.28   0.0771059   0.0116617
         388       -0.12   0.0765979   0.0116427
         389         0.2   0.0769152   0.0116171
         390         0.2   0.0772308   0.0115916
         391         0.2   0.0775448   0.0115662
         392       -0.04   0.0772449   0.0115406
         393        0.08   0.0772519   0.0115112
         394       -0.04   0.0769543   0.0114859
         395        0.04   0.0768608   0.0114572
         396        0.24   0.0772727   0.0114356
         397         0.4   0.0780856   0.0114357
         398        0.32   0.0786935   0.0114231
         399       -0.12   0.0781955   0.0114053
         400       -0.32      0.0772   0.0114202
         401       -0.36   0.0761097   0.0114436
         402       -0.28   0.0752239   0.0114494
         403       -0.16   0.0746402   0.0114358
         404       -0.12   0.0741584   0.0114177
         405       -0.16   0.0735802   0.0114041
         406       -0.28   0.0727094   0.0114092
         407        0.08   0.0727273   0.0113812
         408        0.24   0.0731373   0.0113607
         409        0.16   0.0733496   0.0113349
         410        0.16    0.073561   0.0113092
         411           0    0.073382   0.0112831
         412           0   0.0732039   0.0112572
         413        0.12   0.0733172   0.0112305
         414       -0.12   0.0728502    0.011213
         415        0.12   0.0729639   0.0111866
         416        0.32   0.0735577   0.0111755
         417        0.08   0.0735731   0.0111487
         418        0.48   0.0745455   0.0111643
         419        0.84   0.0763723   0.0112862
         420        0.84   0.0781905   0.0114048
         421        0.64   0.0795249   0.0114555
         422        0.56   0.0806635   0.0114848
         423        0.52   0.0817021   0.0115045
         424        0.52   0.0827358   0.0115237
         425         0.4   0.0834824   0.0115208
         426         0.2   0.0837559    0.011497
         427        0.24   0.0841218   0.0114759
         428        0.24    0.084486   0.0114548
         429        0.48   0.0854079   0.0114652
         430        0.24   0.0857674   0.0114442
         431        0.08   0.0857541   0.0114176
         432        0.12   0.0858333   0.0113915
         433        0.08   0.0858199   0.0113652
         434        0.12   0.0858986   0.0113392
         435        0.24   0.0862529   0.0113187
         436        0.48    0.087156   0.0113287
         437        0.36   0.0877803     0.01132
         438        0.16   0.0879452   0.0112953
         439       -0.08   0.0875626   0.0112761
         440       -0.16       0.087   0.0112645
         441       -0.32   0.0860771   0.0112767
         442        -0.4   0.0849774   0.0113047
         443       -0.32   0.0840632   0.0113161
         444       -0.48   0.0827928   0.0113617
         445       -0.12   0.0823371   0.0113453
         446        0.08   0.0823318   0.0113198
         447           0   0.0821477    0.011296
         448        0.28   0.0825893   0.0112794
         449        0.12   0.0826726   0.0112546
         450        0.12   0.0827556   0.0112299
         451       -0.16   0.0822173   0.0112179
         452       -0.48   0.0809735   0.0112618
         453       -0.28   0.0801766   0.0112651
         454       -0.16   0.0796476   0.0112527
         455       -0.32   0.0787692   0.0112622
         456       -0.12   0.0783333   0.0112459
         457        0.28   0.0787746     0.01123
         458        0.28    0.079214   0.0112141
         459        0.36   0.0798257   0.0112063
         460        0.04   0.0797391   0.0111823
         461           0   0.0795662   0.0111594
         462       -0.04   0.0793074   0.0111382
         463       -0.24   0.0786177   0.0111355
         464        -0.2   0.0780172   0.0111277
         465        0.32   0.0785376   0.0111159
         466         0.4   0.0792275   0.0111134
         467         0.6   0.0803426   0.0111454
         468        0.64   0.0815385   0.0111856
         469        0.36   0.0821322   0.0111775
         470        0.16   0.0822979   0.0111549
         471        0.16   0.0824628   0.0111325
         472        0.12   0.0825424   0.0111092
         473       -0.36   0.0816068    0.011125
         474       -0.32   0.0807595   0.0111338
         475        -0.2   0.0801684    0.011126
         476       -0.12   0.0797479   0.0111106
         477       -0.08    0.079413   0.0110923
         478        -0.2   0.0788285   0.0110845
         479       -0.04   0.0785804   0.0110641
         480        0.08   0.0785833   0.0110411
         481        0.12   0.0786694   0.0110185
         482        0.32   0.0791701    0.011007
         483        0.28   0.0795859    0.010992
         484        0.36   0.0801653   0.0109846
         485       -0.08   0.0798351   0.0109669
         486       -0.24    0.079177   0.0109641
         487       -0.08   0.0788501   0.0109464
         488       -0.28   0.0781148   0.0109487
         489       -0.56   0.0768098   0.0110038
         490       -0.44   0.0757551   0.0110317
         491       -0.24    0.075112    0.011028
         492       -0.52   0.0739024   0.0110717
         493       -0.28   0.0731846   0.0110725
         494        -0.2   0.0726316   0.0110639
         495       -0.12   0.0722424   0.0110484
         496        -0.2   0.0716935   0.0110397
         497        0.04   0.0716298   0.0110177
         498        0.12   0.0717269    0.010996
         499       -0.04    0.071503   0.0109763
         500       -0.12     0.07112    0.010961
